0.012767 0.000010 0.000010 0.723532 0.228050 0.014495 0.021126 0.000010
0.000010 0.000010 0.583668 0.117284 0.223095 0.002830 0.000010 0.073093
0.000010 0.000010 0.414690 0.459597 0.014841 0.026881 0.000010 0.083962
0.087807 0.000010 0.000010 0.719429 0.119023 0.000010 0.073701 0.000010
0.518102 0.000010 0.402559 0.000010 0.000010 0.000010 0.000010 0.079289
0.000010 0.000010 0.956689 0.000010 0.010004 0.033257 0.000010 0.000010
0.095302 0.374308 0.140447 0.126906 0.000010 0.000010 0.263007 0.000010
0.000010 0.000010 0.000010 0.366832 0.566867 0.002711 0.000010 0.063550
0.407495 0.036692 0.000010 0.268581 0.166541 0.000010 0.000010 0.120661
0.051544 0.000010 0.529426 0.318112 0.000010 0.021945 0.000010 0.078943
0.170754 0.000010 0.721094 0.000010 0.000010 0.005736 0.102376 0.000010
0.367474 0.000010 0.475760 0.075574 0.011281 0.000010 0.069881 0.000010
0.087818 0.000010 0.156870 0.382360 0.000010 0.000010 0.372912 0.000010
0.000010 0.340661 0.338225 0.321064 0.000010 0.000010 0.000010 0.000010
0.235550 0.426647 0.337754 0.000010 0.000010 0.000010 0.000010 0.000010
0.182430 0.000010 0.585724 0.096181 0.125867 0.009769 0.000010 0.000010
0.039816 0.000010 0.622689 0.015760 0.000010 0.000010 0.204665 0.117039
0.338953 0.000010 0.404012 0.112443 0.000010 0.000010 0.132739 0.011823
0.000010 0.000010 0.497537 0.425430 0.000010 0.069173 0.007820 0.000010
0.021609 0.000010 0.027235 0.745902 0.021854 0.000010 0.024581 0.158799
0.689483 0.000010 0.000010 0.277774 0.000010 0.000010 0.000010 0.032693
0.151166 0.000010 0.064170 0.652007 0.067961 0.030549 0.000010 0.034128
0.377057 0.000010 0.000010 0.531923 0.019575 0.000010 0.000010 0.071406
0.084783 0.019418 0.595689 0.215030 0.000010 0.060680 0.000010 0.024380
0.178483 0.000010 0.000010 0.621827 0.108866 0.025271 0.065524 0.000010
0.061781 0.000010 0.000010 0.829399 0.035977 0.000010 0.066239 0.006574
0.219375 0.000010 0.382378 0.160415 0.000010 0.044377 0.000010 0.193424
0.194162 0.389607 0.178233 0.000010 0.000010 0.000010 0.056228 0.181740
0.013892 0.000010 0.251047 0.443951 0.000370 0.000010 0.245533 0.045187
0.465505 0.000010 0.022823 0.434539 0.052669 0.024434 0.000010 0.000010
0.000010 0.000010 0.448087 0.414335 0.000010 0.073757 0.063780 0.000010
0.248132 0.000010 0.510572 0.177724 0.041736 0.000010 0.010611 0.011205
0.334981 0.000010 0.115392 0.509465 0.000010 0.004157 0.000010 0.035974
0.103144 0.000010 0.450061 0.000010 0.036025 0.000010 0.410730 0.000010
0.316459 0.000010 0.033944 0.630115 0.019441 0.000010 0.000010 0.000010
0.000010 0.000010 0.121240 0.521352 0.007008 0.039990 0.310380 0.000010
0.000010 0.000010 0.363147 0.569194 0.000010 0.004422 0.063197 0.000010
0.317895 0.410388 0.000010 0.271668 0.000010 0.000010 0.000010 0.000010
0.281028 0.001365 0.433695 0.273018 0.009373 0.000010 0.000010 0.001501
0.046621 0.266610 0.000010 0.000010 0.253613 0.238203 0.099339 0.095595
0.092250 0.013932 0.384680 0.383778 0.048906 0.008347 0.068097 0.000010
0.000010 0.000010 0.000010 0.000010 0.591710 0.102731 0.305508 0.000010
0.412595 0.000010 0.000010 0.436207 0.024904 0.000010 0.126254 0.000010
0.468941 0.490883 0.000010 0.040127 0.000010 0.000010 0.000010 0.000010
0.075566 0.000010 0.082203 0.000010 0.380259 0.000950 0.230077 0.230925
0.000010 0.000010 0.280708 0.151964 0.347698 0.000010 0.219590 0.000010
0.063295 0.006555 0.232431 0.000010 0.352071 0.120374 0.144971 0.080293
0.000010 0.350448 0.000010 0.228838 0.000010 0.000010 0.420665 0.000010
0.000010 0.000010 0.316341 0.510426 0.000010 0.000010 0.173183 0.000010
0.000010 0.000010 0.159123 0.224444 0.122927 0.000010 0.095285 0.398191
0.000010 0.030271 0.006143 0.151603 0.269668 0.000010 0.179282 0.363013
0.065153 0.000010 0.064336 0.246671 0.492005 0.053932 0.000010 0.077883
0.000010 0.352361 0.234886 0.000010 0.253525 0.000010 0.000010 0.159188
0.038015 0.000010 0.000010 0.484546 0.337471 0.000010 0.000010 0.139929
0.000010 0.442199 0.000010 0.054689 0.483492 0.000010 0.000010 0.019580
0.085348 0.000010 0.000010 0.000010 0.472276 0.040600 0.022671 0.379075
0.088461 0.000010 0.000010 0.000010 0.718469 0.071102 0.105094 0.016844
0.000010 0.000010 0.281738 0.000010 0.552424 0.073299 0.092499 0.000010
0.000010 0.000010 0.174546 0.229050 0.200198 0.000010 0.082614 0.313562
0.000010 0.000010 0.000010 0.000010 0.335844 0.000010 0.388493 0.275613
0.237973 0.006233 0.000010 0.087344 0.560498 0.051411 0.000010 0.056521
0.072686 0.000010 0.000010 0.000010 0.448279 0.000010 0.478984 0.000010
0.000010 0.000010 0.000010 0.278135 0.640734 0.001823 0.043981 0.035296
0.000010 0.006959 0.000010 0.319665 0.543926 0.000010 0.000010 0.129410
0.116242 0.004599 0.000010 0.163674 0.544364 0.109574 0.005785 0.055751
0.000010 0.000010 0.196776 0.000010 0.339092 0.000010 0.000010 0.464082
0.000010 0.000010 0.161035 0.000010 0.335909 0.000010 0.443244 0.059772
0.058445 0.365637 0.000010 0.000010 0.575868 0.000010 0.000010 0.000010
0.000010 0.000010 0.263953 0.000010 0.502578 0.068497 0.093993 0.070949
0.086067 0.000010 0.000010 0.081164 0.466447 0.000010 0.000010 0.366282
0.000010 0.356097 0.020218 0.000010 0.409784 0.003704 0.210166 0.000010
0.000010 0.000010 0.000010 0.000010 0.296050 0.000010 0.470901 0.232999
0.157817 0.000010 0.000010 0.000010 0.425913 0.000010 0.200231 0.215998
0.000010 0.362909 0.000010 0.000010 0.390390 0.000010 0.000010 0.246651
0.139728 0.000010 0.000010 0.000010 0.742203 0.118018 0.000010 0.000010
0.000010 0.018589 0.000010 0.380830 0.348150 0.000010 0.000010 0.252390
0.067084 0.350228 0.000010 0.000010 0.542855 0.029452 0.010350 0.000010
0.000010 0.000010 0.000010 0.106533 0.394695 0.000010 0.000010 0.498722
0.000010 0.000010 0.000010 0.177058 0.738060 0.032551 0.000010 0.052291
0.000010 0.000010 0.000010 0.000010 0.228297 0.000010 0.243954 0.527699
0.064285 0.000010 0.000010 0.304731 0.498641 0.000010 0.081718 0.050595
0.000010 0.000010 0.000010 0.000010 0.288049 0.000010 0.341193 0.370708
0.000010 0.281521 0.352145 0.000010 0.318977 0.047317 0.000010 0.000010
0.000010 0.013031 0.000010 0.589788 0.247632 0.010016 0.000010 0.139503
0.000010 0.368835 0.000010 0.139756 0.455383 0.000010 0.035986 0.000010
0.000010 0.000010 0.115482 0.000010 0.226356 0.000010 0.474936 0.183185
0.021180 0.327453 0.000010 0.000010 0.616291 0.000010 0.035036 0.000010
0.000010 0.405213 0.000010 0.108531 0.318243 0.049196 0.000010 0.118787
0.000010 0.000010 0.000010 0.000010 0.612309 0.000010 0.387631 0.000010
0.111206 0.380341 0.299541 0.198051 0.010831 0.000010 0.000010 0.000010
0.329364 0.335878 0.000010 0.000010 0.098851 0.004343 0.231534 0.000010
0.176567 0.000010 0.000010 0.585600 0.000010 0.000010 0.000010 0.237783
0.405930 0.000010 0.427826 0.000010 0.028407 0.029970 0.015103 0.092744
0.199818 0.000010 0.198692 0.000010 0.162134 0.056465 0.141717 0.241155
0.051235 0.000010 0.121108 0.391655 0.000010 0.000010 0.435962 0.000010
0.190987 0.426726 0.050873 0.331374 0.000010 0.000010 0.000010 0.000010
0.000010 0.000010 0.302327 0.338822 0.061017 0.026482 0.175252 0.096081
0.400448 0.000010 0.060686 0.352993 0.185573 0.000270 0.000010 0.000010
0.218655 0.000010 0.140466 0.183523 0.000010 0.000010 0.314290 0.143037
0.159052 0.390714 0.450184 0.000010 0.000010 0.000010 0.000010 0.000010
0.000010 0.000010 0.393445 0.387289 0.000010 0.052803 0.011680 0.154754
0.038590 0.000010 0.561967 0.387249 0.000010 0.012154 0.000010 0.000010
0.000010 0.000010 0.601775 0.258526 0.129148 0.000010 0.000010 0.010511
0.066814 0.000010 0.000010 0.105502 0.548578 0.120641 0.000010 0.158435
0.000010 0.301695 0.266702 0.000010 0.156015 0.000550 0.188781 0.086237
0.103324 0.395436 0.000010 0.000010 0.437551 0.000010 0.063648 0.000010
0.000010 0.000010 0.000010 0.173539 0.748389 0.000010 0.062942 0.015090
0.119623 0.000010 0.224504 0.000010 0.396737 0.000010 0.024076 0.235030
0.000010 0.000010 0.000010 0.000010 0.337083 0.000010 0.390198 0.272669
0.219871 0.000010 0.000010 0.000010 0.716128 0.021363 0.042598 0.000010
0.234049 0.007647 0.000010 0.000010 0.520888 0.000010 0.006710 0.230676
0.036727 0.006822 0.491778 0.000010 0.070047 0.000010 0.294586 0.100019
0.000010 0.000010 0.044877 0.258293 0.696780 0.000010 0.000010 0.000010
0.000010 0.000010 0.249196 0.036779 0.430517 0.000010 0.100013 0.183464
0.000010 0.000010 0.448458 0.000010 0.551482 0.000010 0.000010 0.000010
0.046515 0.000010 0.000010 0.134826 0.680162 0.023628 0.000010 0.114840
0.032806 0.000010 0.000010 0.057673 0.740962 0.014564 0.153966 0.000010
0.000010 0.351223 0.038091 0.047631 0.182169 0.000010 0.176595 0.204272
0.000010 0.000010 0.000010 0.213751 0.642541 0.011903 0.000010 0.131765
0.000010 0.000010 0.199002 0.000010 0.144906 0.000010 0.368717 0.287335
0.154104 0.003549 0.077683 0.072712 0.618472 0.008438 0.065032 0.000010
0.000010 0.343190 0.000010 0.000010 0.656750 0.000010 0.000010 0.000010
0.000010 0.000010 0.061577 0.325003 0.543368 0.017228 0.000010 0.052794
0.000010 0.000010 0.000010 0.132244 0.311646 0.000010 0.065336 0.490733
0.000010 0.000010 0.000010 0.000010 0.753166 0.000010 0.246774 0.000010
0.072230 0.000010 0.000010 0.086243 0.430504 0.000010 0.000010 0.410984
0.007272 0.012493 0.009891 0.945876 0.000010 0.021996 0.002452 0.000010
0.517196 0.000010 0.020829 0.373309 0.021734 0.066902 0.000010 0.000010
0.192095 0.002298 0.609387 0.099403 0.000010 0.010806 0.000010 0.085991
0.074524 0.000010 0.550216 0.123183 0.240593 0.000010 0.000010 0.011454
0.509634 0.000010 0.220785 0.056003 0.026062 0.000362 0.187134 0.000010
0.000010 0.463318 0.000010 0.536622 0.000010 0.000010 0.000010 0.000010
0.184208 0.000010 0.496714 0.177486 0.041322 0.018379 0.000010 0.081871
0.095372 0.437983 0.248529 0.000010 0.076198 0.036051 0.000010 0.105848
0.000010 0.715312 0.000010 0.000010 0.034762 0.046484 0.000010 0.203402
0.074759 0.012736 0.151418 0.000010 0.379533 0.000010 0.100745 0.280788
0.119199 0.000010 0.030638 0.142674 0.616260 0.045278 0.000010 0.045933
0.000010 0.308673 0.137418 0.016956 0.188116 0.000010 0.128667 0.220151
0.000010 0.009269 0.000010 0.415652 0.011643 0.118482 0.000010 0.444924
0.157799 0.006333 0.000010 0.000010 0.384817 0.091457 0.000010 0.359565
0.161052 0.000010 0.000010 0.000010 0.063274 0.000010 0.000010 0.775624
0.000010 0.289436 0.261657 0.000010 0.448858 0.000010 0.000010 0.000010
0.000010 0.000010 0.289771 0.000010 0.405782 0.000010 0.000010 0.304396
0.192870 0.368250 0.240913 0.043391 0.000010 0.000010 0.154547 0.000010
0.489802 0.320445 0.000010 0.132918 0.005908 0.000010 0.050898 0.000010
0.121763 0.462171 0.000010 0.416016 0.000010 0.000010 0.000010 0.000010
0.303381 0.278379 0.418190 0.000010 0.000010 0.000010 0.000010 0.000010
0.000010 0.000010 0.029458 0.870085 0.049097 0.028484 0.000010 0.022846
0.000010 0.000010 0.000010 0.264401 0.436693 0.000010 0.000010 0.298856
0.139625 0.000010 0.000010 0.473341 0.181369 0.000010 0.000010 0.205625
0.000010 0.000010 0.046088 0.000010 0.404193 0.000010 0.251293 0.298385
0.000010 0.000010 0.000010 0.000010 0.483048 0.009127 0.244028 0.263758
0.217579 0.000010 0.000010 0.000010 0.376133 0.000010 0.000010 0.406238
0.000010 0.000010 0.008766 0.317409 0.625202 0.039482 0.009112 0.000010
0.000010 0.000010 0.145203 0.000010 0.317115 0.000010 0.000010 0.537633
0.281013 0.000010 0.000010 0.038813 0.396826 0.021487 0.101342 0.160499
0.449412 0.000010 0.000010 0.000010 0.000010 0.000010 0.335958 0.214580
0.333077 0.000010 0.000010 0.468456 0.081131 0.055467 0.045542 0.016306
0.023241 0.000010 0.000010 0.756572 0.027053 0.000010 0.150025 0.043079
0.036831 0.000010 0.667272 0.000010 0.000522 0.014847 0.280498 0.000010
0.000010 0.445693 0.000010 0.534147 0.020111 0.000010 0.000010 0.000010
0.164529 0.000010 0.069097 0.700904 0.004108 0.061333 0.000010 0.000010
0.299500 0.000010 0.176188 0.218540 0.000010 0.026420 0.207458 0.071873
0.309249 0.000010 0.000010 0.413964 0.084221 0.000010 0.157049 0.035488
0.060306 0.000010 0.000018 0.506181 0.267453 0.099378 0.000010 0.066644
0.000010 0.007501 0.456807 0.141582 0.347395 0.000010 0.000010 0.046685
0.497055 0.000010 0.433008 0.000010 0.000010 0.000010 0.069887 0.000010
0.269592 0.000010 0.609808 0.098416 0.022144 0.000010 0.000010 0.000010
0.000010 0.000010 0.337559 0.457518 0.010393 0.068117 0.034506 0.091887
0.318196 0.000010 0.498784 0.182970 0.000010 0.000010 0.000010 0.000010
0.000010 0.665690 0.000010 0.000010 0.015198 0.075189 0.137978 0.105914
0.256222 0.009200 0.320514 0.289829 0.000010 0.000010 0.102232 0.021983
0.225439 0.000010 0.000010 0.446181 0.000010 0.000010 0.000010 0.328331
0.000010 0.272584 0.000010 0.123600 0.203150 0.004803 0.000010 0.395832
0.164034 0.000010 0.000010 0.000010 0.772593 0.000010 0.063323 0.000010
0.000010 0.000010 0.493101 0.324558 0.119409 0.030968 0.000010 0.031934
0.321197 0.434977 0.000010 0.243777 0.000010 0.000010 0.000010 0.000010
0.355828 0.000010 0.028833 0.420970 0.124141 0.000010 0.000010 0.070199
0.000010 0.000010 0.412940 0.483607 0.000010 0.000010 0.086612 0.016801
0.101142 0.000010 0.670538 0.000010 0.000010 0.000010 0.228270 0.000010
0.012155 0.000010 0.953486 0.000010 0.000010 0.000010 0.034309 0.000010
0.491517 0.000010 0.022745 0.433179 0.000010 0.000010 0.000010 0.052520
0.000010 0.000010 0.610442 0.000010 0.052213 0.000010 0.337294 0.000010
0.170315 0.000010 0.121563 0.660855 0.000010 0.047227 0.000010 0.000010
0.200439 0.000010 0.369135 0.349155 0.000010 0.000010 0.000010 0.081231
0.033562 0.000010 0.827903 0.000010 0.000010 0.009250 0.129244 0.000010
0.108603 0.000010 0.183434 0.000010 0.000010 0.000010 0.707913 0.000010
0.000010 0.000010 0.414220 0.507703 0.000010 0.078028 0.000010 0.000010
0.395418 0.000010 0.000010 0.453439 0.069097 0.009833 0.072183 0.000010
0.115436 0.000018 0.251935 0.330123 0.000010 0.097153 0.205313 0.000010
0.000010 0.000010 0.210104 0.000010 0.278571 0.000010 0.511275 0.000010
0.064330 0.000010 0.203934 0.494223 0.000010 0.000010 0.237473 0.000010
0.000010 0.713727 0.090460 0.000010 0.152559 0.000010 0.000010 0.043213
0.008756 0.607314 0.000010 0.000010 0.000010 0.000010 0.383880 0.000010
0.000010 0.000010 0.186968 0.246686 0.368816 0.000010 0.197491 0.000010
0.118863 0.000010 0.000010 0.000010 0.540938 0.000010 0.143913 0.196247
0.000010 0.000010 0.643517 0.000010 0.096462 0.000010 0.237433 0.022548
0.107449 0.000010 0.432774 0.410455 0.000010 0.001889 0.000010 0.047404
0.301346 0.000010 0.000010 0.522151 0.057266 0.000010 0.080203 0.039003
0.115245 0.007740 0.506429 0.358319 0.012237 0.000010 0.000010 0.000010
0.000010 0.192823 0.661194 0.000010 0.015084 0.000010 0.130858 0.000010
0.000010 0.206412 0.793528 0.000010 0.000010 0.000010 0.000010 0.000010
0.308980 0.000010 0.003098 0.587652 0.060440 0.018614 0.021196 0.000010
0.330378 0.006314 0.459355 0.101216 0.026273 0.008056 0.000010 0.068397
0.257997 0.000010 0.035667 0.365293 0.322504 0.000010 0.000010 0.018508
0.341639 0.000010 0.624745 0.000010 0.000010 0.002816 0.000010 0.030761
0.014562 0.000010 0.832455 0.000010 0.000010 0.000010 0.023059 0.129884
0.000010 0.000010 0.169785 0.530397 0.000010 0.000010 0.231069 0.068708
0.140359 0.000010 0.318164 0.266540 0.000010 0.000737 0.111548 0.162632
0.000010 0.000010 0.623306 0.053889 0.002481 0.000010 0.320284 0.000010
0.000010 0.297210 0.686410 0.000010 0.000010 0.000010 0.000010 0.016329
0.003033 0.011513 0.000010 0.850078 0.063833 0.000010 0.050435 0.021088
0.000010 0.000010 0.880142 0.000010 0.031070 0.000010 0.020923 0.067825
0.555266 0.000010 0.000010 0.223119 0.008325 0.000010 0.213250 0.000010
0.027391 0.004343 0.246772 0.555024 0.020630 0.000010 0.124561 0.021269
0.369201 0.000010 0.000010 0.489751 0.093439 0.000010 0.047569 0.000010
0.257805 0.007936 0.417111 0.000010 0.161730 0.003575 0.000010 0.151823
0.146982 0.000010 0.068432 0.333017 0.000010 0.000010 0.327032 0.124507
0.192242 0.000010 0.525556 0.000010 0.000010 0.000010 0.282152 0.000010
0.095530 0.470649 0.000010 0.304729 0.000010 0.129052 0.000010 0.000010
0.311879 0.000010 0.166234 0.172690 0.088343 0.000010 0.260824 0.000010
0.156774 0.000010 0.296739 0.269142 0.093774 0.000010 0.183542 0.000010
0.000010 0.471516 0.407580 0.120854 0.000010 0.000010 0.000010 0.000010
0.000010 0.000010 0.242209 0.000010 0.378008 0.189918 0.166607 0.023228
0.066504 0.000010 0.933436 0.000010 0.000010 0.000010 0.000010 0.000010
0.000010 0.000161 0.196620 0.303129 0.240501 0.000010 0.130938 0.128631
0.094398 0.000010 0.000010 0.456537 0.292980 0.046799 0.000010 0.109256
0.043444 0.000010 0.237509 0.252890 0.247201 0.000010 0.218925 0.000010
0.000010 0.436101 0.288829 0.155563 0.000010 0.000010 0.119467 0.000010
0.252999 0.028709 0.376873 0.158651 0.025693 0.021002 0.087416 0.048657
0.127526 0.024402 0.000010 0.422961 0.175553 0.163759 0.021027 0.064761
0.297922 0.000010 0.512972 0.098671 0.020393 0.000010 0.000010 0.070013
0.281713 0.000010 0.000010 0.121932 0.089967 0.172756 0.139958 0.193654
0.204321 0.376256 0.000010 0.172944 0.046343 0.186193 0.000010 0.013923
0.000010 0.301185 0.256960 0.110981 0.000010 0.188240 0.048119 0.094495
0.214974 0.468321 0.000010 0.064085 0.041327 0.116299 0.094974 0.000010
0.025294 0.357420 0.244313 0.100966 0.066037 0.006052 0.199908 0.000010
0.428473 0.000010 0.402191 0.000010 0.055706 0.044995 0.000010 0.068605
0.000010 0.000010 0.367758 0.325761 0.135643 0.006982 0.000010 0.163826
0.000010 0.423561 0.232004 0.000010 0.000010 0.151225 0.055142 0.138039
0.209637 0.000010 0.548184 0.008144 0.148949 0.074557 0.000010 0.010510
0.197710 0.382220 0.215282 0.000010 0.000010 0.000010 0.026342 0.178416
0.006045 0.872451 0.000010 0.000010 0.000010 0.060655 0.000010 0.060808
0.235239 0.000010 0.050233 0.371219 0.169762 0.173518 0.000010 0.000010
0.170933 0.000010 0.110480 0.596011 0.086934 0.000010 0.000010 0.035612
0.161346 0.000010 0.000010 0.584108 0.158959 0.006855 0.088702 0.000010
0.000010 0.000010 0.000010 0.609424 0.277820 0.000010 0.029858 0.082858
0.263265 0.000010 0.000010 0.170821 0.098351 0.326319 0.000010 0.141214
0.188443 0.364009 0.000010 0.000010 0.048280 0.000010 0.346866 0.052371
0.259189 0.011247 0.296723 0.000010 0.179448 0.106076 0.147297 0.000010
0.000010 0.000010 0.732064 0.000010 0.162004 0.040012 0.000010 0.065880
0.117648 0.000013 0.336359 0.341249 0.076591 0.000010 0.128120 0.000010
0.435988 0.000010 0.000010 0.000010 0.105319 0.009054 0.000021 0.449589
0.128737 0.010255 0.376341 0.050427 0.000010 0.034311 0.000010 0.399908
0.109743 0.373317 0.000010 0.155070 0.361830 0.000010 0.000010 0.000010
0.000010 0.314110 0.455641 0.000010 0.055421 0.059063 0.000010 0.115736
0.299123 0.487574 0.000010 0.123159 0.000010 0.019743 0.000010 0.070371
0.000010 0.311620 0.192644 0.029155 0.000010 0.108526 0.132199 0.225837
0.121280 0.077472 0.000010 0.540358 0.079141 0.011313 0.154696 0.015730
0.163196 0.058193 0.000010 0.299864 0.015870 0.182164 0.078764 0.201940
0.144517 0.076755 0.130780 0.000010 0.126316 0.167585 0.101513 0.252524
0.048555 0.304843 0.000010 0.330162 0.000010 0.071339 0.000010 0.245071
0.000010 0.000010 0.094888 0.000010 0.000010 0.391014 0.358160 0.155898
0.067796 0.000010 0.000010 0.585993 0.289071 0.000010 0.043195 0.013915
0.235936 0.000010 0.000010 0.253871 0.133044 0.052162 0.000010 0.324957
0.151921 0.011905 0.000010 0.423271 0.056591 0.221134 0.057842 0.077325
0.147861 0.017185 0.000010 0.518421 0.000010 0.070584 0.000010 0.245918
0.000010 0.038649 0.354121 0.290196 0.000010 0.021525 0.254347 0.041142
0.000010 0.005040 0.201246 0.169013 0.313420 0.063510 0.134976 0.112785
0.216003 0.000010 0.000010 0.000010 0.000010 0.282959 0.500988 0.000010
0.189246 0.306139 0.000010 0.000010 0.000010 0.504566 0.000010 0.000010
0.022943 0.000010 0.000010 0.111626 0.062593 0.802798 0.000010 0.000010
0.267890 0.019539 0.157215 0.365174 0.044893 0.090578 0.000010 0.054701
0.000010 0.000010 0.000010 0.574949 0.249465 0.050071 0.101753 0.023732
0.088975 0.000010 0.000010 0.004762 0.057439 0.681501 0.167293 0.000010
0.060427 0.054553 0.111866 0.143139 0.072514 0.357101 0.141246 0.059155
0.000010 0.009737 0.307161 0.250655 0.009632 0.371092 0.000010 0.051703
0.141882 0.069178 0.000010 0.066795 0.044781 0.500012 0.128043 0.049298
0.044447 0.041615 0.000010 0.000010 0.084830 0.723961 0.105117 0.000010
0.000010 0.006919 0.000010 0.211267 0.008100 0.654166 0.044298 0.075230
0.026682 0.007722 0.000010 0.162813 0.000010 0.802744 0.000010 0.000010
0.000010 0.073900 0.150466 0.105434 0.051859 0.473504 0.109578 0.035249
0.000010 0.057715 0.178770 0.128158 0.049957 0.435459 0.083888 0.066043
0.058101 0.001507 0.078326 0.187529 0.069150 0.450931 0.092334 0.062123
0.000010 0.026522 0.153488 0.203132 0.066674 0.374017 0.145472 0.030686
0.185496 0.015362 0.000010 0.060422 0.077965 0.430867 0.067031 0.162846
0.000010 0.000010 0.074150 0.000010 0.000010 0.845906 0.079894 0.000010
0.000010 0.310715 0.000010 0.041994 0.000010 0.647241 0.000010 0.000010
0.000010 0.034490 0.063575 0.200123 0.000010 0.645195 0.012592 0.044004
0.000010 0.014479 0.537584 0.000010 0.064265 0.257239 0.077023 0.049390
0.074803 0.292865 0.124782 0.000010 0.004717 0.233830 0.163049 0.105945
0.090578 0.037277 0.256619 0.321186 0.000010 0.232926 0.048404 0.012999
0.000010 0.000010 0.155623 0.000010 0.000010 0.794708 0.000010 0.049619
0.000010 0.191023 0.000010 0.000010 0.000010 0.808917 0.000010 0.000010
0.000010 0.000010 0.000010 0.151262 0.000010 0.833445 0.000010 0.015243
0.006456 0.091163 0.298083 0.000010 0.048107 0.538959 0.017212 0.000010
0.000010 0.253433 0.236279 0.000010 0.000010 0.397456 0.112793 0.000010
0.000010 0.000010 0.000010 0.337869 0.058017 0.580523 0.000010 0.023551
0.023321 0.000010 0.427991 0.055972 0.000010 0.268380 0.090156 0.134160
0.000010 0.031792 0.069402 0.263028 0.050100 0.519238 0.000010 0.066421
0.000010 0.416111 0.000010 0.323332 0.057770 0.128813 0.073945 0.000010
0.325281 0.030182 0.390568 0.090191 0.078158 0.013154 0.029523 0.042942
0.000010 0.310637 0.018906 0.197848 0.000010 0.307239 0.000010 0.165341
0.264902 0.135407 0.000010 0.057117 0.010886 0.431981 0.099687 0.000010
0.000010 0.000010 0.613382 0.184443 0.000010 0.000010 0.202125 0.000010
0.222408 0.164877 0.157532 0.042370 0.020037 0.206075 0.174068 0.012632
0.206172 0.000010 0.060989 0.324673 0.118011 0.097175 0.017391 0.175579
0.041047 0.440142 0.253471 0.000010 0.001464 0.014096 0.153304 0.096467
0.076414 0.036653 0.200670 0.315756 0.153118 0.090600 0.078067 0.048722
0.321426 0.031771 0.214463 0.152625 0.006101 0.027244 0.246359 0.000010
0.321322 0.029690 0.006325 0.310637 0.195595 0.000010 0.098007 0.038414
0.000010 0.237826 0.019624 0.000010 0.000010 0.629873 0.112637 0.000010
0.134197 0.000010 0.038080 0.000010 0.000010 0.459619 0.368065 0.000010
0.175425 0.032437 0.145909 0.106087 0.101784 0.164643 0.235040 0.038674
0.141995 0.000010 0.278191 0.368426 0.000010 0.014604 0.196754 0.000010
0.000010 0.407101 0.047596 0.176724 0.000010 0.368539 0.000010 0.000010
0.341654 0.063971 0.082058 0.283269 0.065053 0.084449 0.054885 0.024661
0.215050 0.016964 0.199199 0.190446 0.181031 0.083284 0.000010 0.114017
0.000010 0.245143 0.076586 0.000010 0.000010 0.357731 0.255304 0.065206
0.142229 0.000010 0.165942 0.258362 0.074292 0.070398 0.215252 0.073516
0.000010 0.356364 0.189719 0.000010 0.000010 0.000010 0.405910 0.047968
0.029917 0.013935 0.134847 0.280705 0.159222 0.201653 0.030803 0.148917
0.024663 0.322323 0.097889 0.324421 0.196501 0.034184 0.000010 0.000010
0.086523 0.000010 0.216360 0.250076 0.005468 0.077291 0.191599 0.172673
0.069261 0.396997 0.155018 0.263997 0.046141 0.023207 0.008342 0.037036
0.000010 0.561349 0.000010 0.039506 0.000010 0.188382 0.000010 0.210723
0.183016 0.000010 0.000010 0.000010 0.000010 0.816924 0.000010 0.000010
0.094304 0.507391 0.025103 0.137726 0.062321 0.089177 0.000010 0.083967
0.315538 0.037907 0.000010 0.393129 0.019092 0.146965 0.087350 0.000010
0.284353 0.000010 0.007254 0.559809 0.000010 0.061073 0.000010 0.087481
0.000010 0.454047 0.023168 0.475736 0.000010 0.000010 0.000010 0.047009
0.000010 0.000010 0.763866 0.000010 0.079356 0.000010 0.156728 0.000010
0.000010 0.271102 0.568497 0.000010 0.000010 0.000010 0.000010 0.160350
0.312395 0.003499 0.275715 0.000010 0.000010 0.404658 0.003703 0.000010
0.000010 0.000010 0.000010 0.391183 0.063161 0.133757 0.000010 0.411859
0.000010 0.000010 0.211894 0.122797 0.000010 0.255723 0.208241 0.201315
0.192848 0.000010 0.241524 0.000010 0.075560 0.319565 0.116550 0.053933
0.000010 0.357969 0.235822 0.081108 0.000010 0.175322 0.149749 0.000010
0.137313 0.022425 0.000010 0.166256 0.013029 0.431866 0.191947 0.037154
0.251552 0.022300 0.014207 0.184423 0.145607 0.358287 0.000010 0.023614
0.109784 0.000010 0.056032 0.292777 0.047874 0.046759 0.388938 0.057826
0.280988 0.000010 0.000010 0.342782 0.226840 0.094813 0.054258 0.000299
0.080676 0.043774 0.010450 0.273389 0.001858 0.159402 0.281781 0.148670
0.113923 0.000010 0.229340 0.197555 0.050896 0.159911 0.109520 0.138844
0.000010 0.001840 0.070658 0.538114 0.041947 0.090764 0.166465 0.090203
0.067594 0.006042 0.057476 0.296082 0.004782 0.044382 0.412079 0.111562
0.000010 0.000010 0.000010 0.393845 0.032770 0.255631 0.189124 0.128600
0.000010 0.011583 0.120342 0.000010 0.000010 0.703383 0.164652 0.000010
0.041702 0.000010 0.257837 0.020265 0.000010 0.521084 0.103062 0.056029
0.000010 0.000010 0.325879 0.000010 0.000010 0.411126 0.222117 0.040838
0.000010 0.000010 0.331328 0.000010 0.000010 0.668612 0.000010 0.000010
0.084441 0.015360 0.032729 0.163076 0.000010 0.549728 0.000010 0.154646
0.000010 0.387185 0.034737 0.042224 0.000010 0.535814 0.000010 0.000010
0.000010 0.003260 0.233083 0.028481 0.000010 0.459335 0.108306 0.167514
0.194550 0.000010 0.000010 0.000010 0.000010 0.472679 0.068583 0.264148
0.089408 0.000010 0.309396 0.224116 0.092118 0.217507 0.018265 0.049181
0.082086 0.264761 0.000010 0.000010 0.098761 0.554353 0.000010 0.000010
0.202656 0.000010 0.000010 0.000010 0.255336 0.146629 0.190230 0.205120
0.146387 0.000010 0.000010 0.049339 0.000010 0.000010 0.468200 0.336034
0.000010 0.000010 0.318083 0.000010 0.122676 0.017135 0.509327 0.032748
0.209107 0.356815 0.015785 0.168314 0.000010 0.117892 0.000010 0.132067
0.485839 0.000010 0.000010 0.000010 0.107623 0.262751 0.000010 0.143747
0.000010 0.000010 0.086761 0.620875 0.015206 0.249481 0.000010 0.027647
0.327734 0.000010 0.000010 0.217870 0.030890 0.018067 0.000010 0.405410
0.120184 0.000010 0.178925 0.000010 0.018903 0.169747 0.162187 0.350035
0.060290 0.000010 0.000010 0.474943 0.198039 0.008109 0.258589 0.000010
0.419326 0.000010 0.000010 0.134316 0.000010 0.000010 0.446308 0.000010
0.000010 0.000010 0.262069 0.424399 0.025373 0.000010 0.165246 0.122883
0.414164 0.000010 0.000010 0.000010 0.000010 0.036247 0.000010 0.549539
0.105134 0.000010 0.000010 0.350462 0.299589 0.035459 0.209325 0.000010
0.149919 0.267896 0.000010 0.000010 0.000010 0.157269 0.365302 0.059585
0.000010 0.000010 0.085117 0.094383 0.000010 0.061529 0.184269 0.574671
0.101082 0.000010 0.000010 0.547610 0.000010 0.043847 0.015568 0.291862
0.223560 0.000010 0.538530 0.000010 0.000010 0.017291 0.210265 0.010324
0.057953 0.000010 0.290635 0.189801 0.239600 0.036353 0.159147 0.026501
0.203104 0.000010 0.000010 0.188464 0.042588 0.445148 0.000010 0.120666
0.220372 0.000010 0.000010 0.673172 0.047118 0.059298 0.000010 0.000010
0.000010 0.000010 0.000010 0.000010 0.116861 0.437770 0.364792 0.080538
0.656537 0.000010 0.000010 0.000010 0.293662 0.049750 0.000010 0.000010
0.403998 0.000010 0.000010 0.060303 0.000010 0.099308 0.150765 0.285596
0.000010 0.000010 0.603392 0.084627 0.000010 0.000010 0.281408 0.030532
0.145007 0.015049 0.000010 0.423398 0.160415 0.104127 0.046698 0.105297
0.000010 0.359416 0.159623 0.000010 0.000010 0.015860 0.113826 0.351245
0.469813 0.000010 0.000010 0.000010 0.064914 0.119924 0.020132 0.325187
0.203585 0.137959 0.343889 0.000010 0.011541 0.233559 0.000010 0.069447
0.000010 0.685172 0.000010 0.000010 0.000010 0.028778 0.286001 0.000010
0.192789 0.000010 0.374941 0.000010 0.000010 0.000010 0.000010 0.432220
0.000010 0.000010 0.302163 0.198258 0.060867 0.275388 0.092715 0.070589
0.000010 0.000010 0.008167 0.000010 0.087478 0.542820 0.361494 0.000010
0.066811 0.000010 0.257572 0.000010 0.000010 0.000010 0.462861 0.212716
0.000010 0.314218 0.000010 0.000010 0.076859 0.086522 0.315720 0.206652
0.075044 0.000010 0.000010 0.079315 0.173389 0.441497 0.230725 0.000010
0.047512 0.000010 0.000010 0.000010 0.000010 0.952428 0.000010 0.000010
0.000010 0.000010 0.000010 0.158057 0.000010 0.841883 0.000010 0.000010
0.000010 0.000010 0.000010 0.265424 0.040181 0.694345 0.000010 0.000010
0.000010 0.336119 0.000010 0.281815 0.000010 0.234447 0.000010 0.147579
0.000010 0.018418 0.000587 0.490962 0.000010 0.415472 0.000010 0.074532
0.264731 0.000010 0.000010 0.000010 0.124827 0.610392 0.000010 0.000010
0.360405 0.000010 0.000010 0.000010 0.064328 0.218193 0.000010 0.357034
0.065607 0.392500 0.000010 0.324310 0.000010 0.042786 0.040536 0.134241
0.000010 0.332812 0.000010 0.000010 0.000010 0.667128 0.000010 0.000010
0.187085 0.000010 0.276785 0.000010 0.000010 0.151949 0.000010 0.384141
0.133810 0.383287 0.000010 0.000010 0.036482 0.417704 0.028686 0.000010
0.028853 0.382000 0.000010 0.131676 0.084928 0.372513 0.000010 0.000010
0.287246 0.000010 0.000010 0.000010 0.000010 0.712694 0.000010 0.000010
0.814565 0.000010 0.069843 0.094961 0.000010 0.000010 0.000010 0.020591
0.000010 0.000010 0.049446 0.493647 0.000010 0.456857 0.000010 0.000010
0.000010 0.000010 0.414454 0.000010 0.000010 0.554738 0.000010 0.030757
0.000010 0.571221 0.000010 0.000010 0.000010 0.428719 0.000010 0.000010
0.064788 0.000010 0.000010 0.295970 0.176582 0.322783 0.115767 0.024089
0.235282 0.000010 0.000010 0.000010 0.000010 0.764658 0.000010 0.000010
0.000010 0.000010 0.070233 0.000010 0.000010 0.719135 0.210582 0.000010
0.000010 0.000010 0.014776 0.145529 0.000010 0.839645 0.000010 0.000010
0.311182 0.000010 0.342479 0.000010 0.088156 0.141381 0.116773 0.000010
0.000010 0.604812 0.000017 0.000010 0.000010 0.196118 0.199013 0.000010
0.000010 0.000010 0.166076 0.000010 0.000010 0.781736 0.052138 0.000010
0.000010 0.439622 0.268355 0.106594 0.000010 0.000010 0.185389 0.000010
0.004916 0.002376 0.196490 0.396459 0.134810 0.000010 0.264929 0.000010
0.422492 0.000010 0.184339 0.000010 0.107353 0.012264 0.248096 0.025436
0.309023 0.000010 0.000010 0.000010 0.000010 0.599310 0.000010 0.091617
0.000010 0.000010 0.000010 0.325376 0.000010 0.453288 0.142451 0.078846
0.124508 0.000010 0.000010 0.037974 0.000010 0.645332 0.000010 0.192146
0.001698 0.003636 0.172437 0.291231 0.207848 0.050198 0.129580 0.143372
0.028665 0.000010 0.244864 0.419055 0.094138 0.161070 0.000010 0.052188
0.000010 0.000010 0.122171 0.000010 0.000010 0.786846 0.090934 0.000010
0.000010 0.000010 0.218375 0.000010 0.000010 0.779135 0.002441 0.000010
0.000010 0.000010 0.120197 0.323550 0.004259 0.532263 0.000010 0.019700
0.040666 0.000010 0.017723 0.692495 0.249076 0.000010 0.000010 0.000010
0.080809 0.000010 0.366744 0.000010 0.015068 0.449595 0.000010 0.087756
0.000010 0.000010 0.113513 0.398274 0.029975 0.090339 0.318538 0.049340
0.167196 0.000010 0.000010 0.000010 0.065665 0.514674 0.136020 0.116415
0.000010 0.332202 0.151815 0.000010 0.000010 0.051564 0.446634 0.017756
0.000010 0.000010 0.821160 0.000010 0.034104 0.000010 0.000010 0.144685
0.324735 0.000010 0.000010 0.000010 0.047607 0.627607 0.000010 0.000010
0.547560 0.000010 0.000010 0.399847 0.023240 0.001032 0.000010 0.028291
0.000010 0.008581 0.000010 0.671483 0.000010 0.319887 0.000010 0.000010
0.270882 0.000010 0.085147 0.510558 0.078165 0.055218 0.000010 0.000010
0.000010 0.000010 0.000010 0.424348 0.000010 0.270057 0.000010 0.305546
0.000010 0.420230 0.120464 0.102627 0.000010 0.043203 0.313445 0.000010
0.000010 0.377949 0.000010 0.521436 0.100565 0.000010 0.000010 0.000010
0.459318 0.000010 0.008620 0.000010 0.002150 0.034073 0.353736 0.142084
0.046961 0.481342 0.000010 0.471647 0.000010 0.000010 0.000010 0.000010
0.000010 0.341778 0.108103 0.317572 0.000010 0.000010 0.232508 0.000010
0.167706 0.397657 0.000010 0.000010 0.012731 0.000010 0.231114 0.190762
0.000010 0.000010 0.604216 0.000010 0.017084 0.000010 0.378650 0.000010
0.129068 0.000010 0.000010 0.338005 0.000010 0.000010 0.448859 0.084027
0.047454 0.000010 0.272550 0.384678 0.041176 0.000010 0.254111 0.000010
0.007705 0.000010 0.193707 0.575874 0.000010 0.000010 0.222674 0.000010
0.505471 0.000010 0.006727 0.288153 0.144696 0.000010 0.000010 0.054923
0.016742 0.000010 0.445101 0.462147 0.002060 0.073921 0.000010 0.000010
0.402527 0.000010 0.019383 0.516485 0.061565 0.000010 0.000010 0.000010
0.000010 0.275972 0.412156 0.000010 0.000010 0.000010 0.000010 0.311821
0.000010 0.000010 0.181472 0.398124 0.049319 0.000010 0.276640 0.094416
0.315543 0.000010 0.482157 0.155686 0.013835 0.000010 0.032749 0.000010
0.000010 0.336025 0.663915 0.000010 0.000010 0.000010 0.000010 0.000010
0.000010 0.000010 0.000010 0.000010 0.000010 0.772975 0.226965 0.000010
0.059935 0.000010 0.000010 0.000010 0.038416 0.479320 0.422289 0.000010
0.000010 0.000010 0.384520 0.231899 0.184525 0.034217 0.000010 0.164809
0.116596 0.000010 0.184433 0.000010 0.046494 0.150436 0.122766 0.379254
0.362296 0.000010 0.300215 0.222342 0.000010 0.000010 0.115107 0.000010
0.000010 0.000010 0.578711 0.027366 0.102195 0.000010 0.167510 0.124188
0.000010 0.000010 0.011642 0.870055 0.111992 0.006271 0.000010 0.000010
0.161791 0.018516 0.461361 0.192212 0.057629 0.013519 0.094963 0.000010
0.103835 0.000017 0.216338 0.404363 0.049604 0.000010 0.225823 0.000010
0.000010 0.000010 0.000010 0.849035 0.150905 0.000010 0.000010 0.000010
0.000010 0.406003 0.275676 0.295428 0.000010 0.000010 0.022853 0.000010
0.484037 0.255764 0.000010 0.000010 0.000010 0.000010 0.204108 0.056051
0.000010 0.000010 0.611568 0.086837 0.000010 0.000010 0.301545 0.000010
0.318744 0.437578 0.000010 0.191804 0.000010 0.051834 0.000010 0.000010
0.004898 0.000010 0.169510 0.323918 0.193571 0.022885 0.285199 0.000010
0.000010 0.000010 0.905706 0.047871 0.000010 0.008142 0.038241 0.000010
0.142733 0.032803 0.005841 0.552009 0.078156 0.100565 0.000010 0.087883
0.308268 0.000010 0.000010 0.160722 0.007579 0.000010 0.523391 0.000010
0.345737 0.000010 0.452736 0.000010 0.139110 0.009089 0.000010 0.053298
0.044393 0.308319 0.428598 0.000010 0.142061 0.000010 0.060344 0.016265
0.000010 0.000010 0.223351 0.400196 0.222966 0.000010 0.153446 0.000010
0.106753 0.343339 0.032189 0.000010 0.347581 0.000010 0.170109 0.000010
0.320579 0.000010 0.000010 0.592525 0.025285 0.061571 0.000010 0.000010
0.278546 0.000010 0.381733 0.116172 0.061944 0.000060 0.161525 0.000010
0.024247 0.000010 0.208409 0.456202 0.000010 0.002947 0.308164 0.000010
0.048881 0.000010 0.000010 0.412069 0.000010 0.000010 0.403914 0.135096
0.069478 0.530477 0.031304 0.003329 0.000010 0.365382 0.000010 0.000010
0.000010 0.000010 0.000010 0.192468 0.000010 0.718483 0.000010 0.088998
0.000010 0.000010 0.000010 0.000010 0.000010 0.807900 0.192040 0.000010
0.227493 0.000010 0.000010 0.000010 0.057772 0.714685 0.000010 0.000010
0.000010 0.000010 0.000010 0.131015 0.000010 0.837164 0.000010 0.031771
0.000010 0.000010 0.000010 0.139850 0.000010 0.806156 0.000010 0.053943
0.091846 0.000010 0.000010 0.000010 0.027376 0.880728 0.000010 0.000010
0.288580 0.000010 0.041106 0.258817 0.177246 0.203859 0.000010 0.030372
0.217940 0.326010 0.456000 0.000010 0.000010 0.000010 0.000010 0.000010
0.000010 0.000010 0.355309 0.548445 0.000010 0.000010 0.096195 0.000010
0.127542 0.000010 0.035131 0.714609 0.000010 0.000010 0.000010 0.122677
0.245254 0.000010 0.201497 0.000010 0.065208 0.042483 0.159086 0.286453
0.129057 0.000010 0.772153 0.000010 0.000010 0.000010 0.098739 0.000010
0.112784 0.000010 0.012592 0.356050 0.037611 0.266597 0.000010 0.214347
0.298724 0.000010 0.428343 0.000010 0.000010 0.102696 0.000010 0.170197
0.109696 0.000010 0.346291 0.379923 0.000010 0.021956 0.047829 0.094286
0.000010 0.335113 0.000010 0.000010 0.000010 0.015752 0.287142 0.361954
0.000010 0.000010 0.000010 0.250115 0.000010 0.036597 0.365332 0.347917
0.000010 0.006989 0.209863 0.620399 0.000010 0.000010 0.118912 0.043806
0.148256 0.000010 0.000010 0.695102 0.003779 0.048737 0.000010 0.104096
0.007997 0.000010 0.000010 0.086549 0.069463 0.835952 0.000010 0.000010
0.346264 0.000010 0.256445 0.103928 0.031701 0.000010 0.241626 0.020016
0.000010 0.347717 0.000010 0.023981 0.000010 0.496012 0.014087 0.118173
0.014063 0.000010 0.000010 0.000010 0.000010 0.592114 0.393773 0.000010
0.000010 0.000010 0.641856 0.001074 0.000010 0.000129 0.321918 0.034993
0.000010 0.000010 0.357565 0.056043 0.105285 0.181368 0.234197 0.065522
0.000010 0.000010 0.000010 0.422840 0.000010 0.081512 0.293401 0.202208
0.000010 0.336792 0.042033 0.000010 0.000010 0.543790 0.077345 0.000010
0.000010 0.999929 0.000010 0.000010 0.000010 0.000011 0.000010 0.000010
0.115895 0.001674 0.341781 0.153339 0.176355 0.094704 0.000010 0.116241
0.000010 0.000010 0.150851 0.000010 0.000010 0.000010 0.642141 0.206958
0.008311 0.000010 0.719692 0.000010 0.050484 0.076953 0.144529 0.000010
0.120480 0.000010 0.598613 0.000010 0.000010 0.000010 0.280857 0.000010
0.024757 0.000010 0.337249 0.217575 0.147261 0.082052 0.144827 0.046268
0.000010 0.373645 0.280868 0.000010 0.000010 0.029520 0.000010 0.315928
0.000010 0.000010 0.000010 0.634900 0.039183 0.025269 0.000010 0.300608
0.000010 0.000010 0.426879 0.000010 0.149327 0.423744 0.000010 0.000010
0.188869 0.000010 0.053652 0.000010 0.151540 0.290658 0.256488 0.058772
0.000010 0.379295 0.074087 0.063579 0.000010 0.136536 0.308993 0.037491
0.000010 0.000010 0.000010 0.142215 0.000010 0.820733 0.000010 0.037001
0.115648 0.000010 0.414184 0.239750 0.060200 0.110804 0.059394 0.000010
0.033756 0.000010 0.000010 0.069450 0.000010 0.896745 0.000010 0.000010
0.053991 0.000010 0.000010 0.045372 0.048566 0.852031 0.000010 0.000010
0.011683 0.000010 0.346995 0.000010 0.077118 0.557486 0.006688 0.000010
0.000010 0.000010 0.577011 0.000010 0.000010 0.093399 0.000010 0.329540
0.000010 0.000010 0.297427 0.000010 0.000010 0.000010 0.091800 0.610723
0.000010 0.408242 0.000010 0.154866 0.043063 0.141854 0.000010 0.251944
0.000010 0.000010 0.000010 0.000010 0.000010 0.000010 0.463839 0.536101
0.000010 0.338800 0.000010 0.000010 0.011764 0.176792 0.441176 0.031438
0.074956 0.000010 0.000010 0.244883 0.125317 0.277956 0.043320 0.233548
0.000010 0.457126 0.000010 0.000010 0.000010 0.000010 0.273652 0.269171
0.000010 0.010624 0.000010 0.398427 0.000010 0.080460 0.054087 0.456372
0.183726 0.000010 0.008851 0.213841 0.260816 0.283280 0.000010 0.049466
0.053935 0.000010 0.248556 0.000010 0.000010 0.273346 0.134303 0.289830
0.000010 0.000010 0.292862 0.144350 0.000010 0.190298 0.000010 0.372450
0.004716 0.000010 0.036498 0.000010 0.000010 0.024197 0.621832 0.312727
0.000010 0.366245 0.000010 0.353229 0.000010 0.000010 0.000010 0.280476
0.000010 0.341981 0.000010 0.000010 0.000010 0.161191 0.246975 0.249813
0.000010 0.439188 0.000010 0.000010 0.000010 0.000010 0.121897 0.438866
