0.623016 0.144907 0.000010 0.000010 0.000010 0.000010 0.066388 0.000010 0.000010 0.165629
0.143575 0.000010 0.154930 0.000010 0.000010 0.507164 0.000010 0.046635 0.000010 0.147645
0.282560 0.214435 0.000010 0.000010 0.000010 0.384951 0.000010 0.067384 0.032192 0.018438
0.399856 0.338506 0.000010 0.135649 0.000010 0.000010 0.000010 0.000010 0.000010 0.125928
0.056515 0.000010 0.000010 0.475149 0.000010 0.377948 0.000010 0.061767 0.000010 0.028571
0.062893 0.000010 0.000010 0.000010 0.000010 0.885116 0.000010 0.000010 0.040358 0.011572
0.000010 0.257547 0.000010 0.103407 0.384298 0.239282 0.015416 0.000010 0.000010 0.000010
0.129319 0.093017 0.416081 0.000010 0.000010 0.000010 0.000010 0.008773 0.000010 0.352761
0.100675 0.056926 0.395681 0.349729 0.000010 0.000010 0.000010 0.059351 0.000010 0.037599
0.370689 0.000010 0.000010 0.022781 0.000010 0.502933 0.000010 0.083586 0.016809 0.003162
0.057037 0.000010 0.000010 0.138087 0.000010 0.619160 0.185385 0.000010 0.000281 0.000010
0.093345 0.000010 0.000010 0.387879 0.000010 0.412787 0.103940 0.000010 0.000010 0.001999
0.000010 0.393279 0.000010 0.149897 0.000010 0.258240 0.189951 0.000010 0.000010 0.008582
0.182587 0.143186 0.000010 0.000010 0.327195 0.346971 0.000010 0.000010 0.000010 0.000010
0.000010 0.000010 0.013735 0.186242 0.427357 0.372606 0.000010 0.000010 0.000010 0.000010
0.000010 0.051161 0.316181 0.083695 0.000010 0.548902 0.000010 0.000010 0.000010 0.000010
0.000010 0.118602 0.000010 0.000348 0.000010 0.690419 0.000010 0.158927 0.000010 0.031654
0.046049 0.098656 0.000010 0.359977 0.000010 0.370790 0.116914 0.007573 0.000010 0.000010
0.296208 0.203947 0.000010 0.000010 0.000010 0.439176 0.000010 0.000010 0.060609 0.000010
0.304839 0.418438 0.000010 0.013095 0.000010 0.088050 0.000010 0.127576 0.000010 0.047962
0.287540 0.000010 0.000010 0.679427 0.000010 0.000010 0.000010 0.032963 0.000010 0.000010
0.394749 0.304504 0.000010 0.129991 0.000010 0.066760 0.000010 0.000010 0.032611 0.071345
0.025620 0.435865 0.281781 0.256674 0.000010 0.000010 0.000010 0.000010 0.000010 0.000010
0.243239 0.000010 0.089286 0.020734 0.017293 0.576931 0.000010 0.000010 0.052478 0.000010
0.401384 0.250537 0.000010 0.164893 0.000010 0.000010 0.119729 0.000010 0.001939 0.061479
0.415413 0.501047 0.000010 0.041981 0.000010 0.000010 0.000010 0.000010 0.000010 0.041500
0.162018 0.036552 0.122752 0.105216 0.000010 0.372482 0.000010 0.169382 0.031568 0.000010
0.000010 0.000010 0.000010 0.236075 0.358588 0.191291 0.000010 0.213986 0.000010 0.000010
0.067592 0.369485 0.000010 0.070307 0.000010 0.293382 0.135178 0.000010 0.000010 0.064016
0.126509 0.210967 0.214288 0.448176 0.000010 0.000010 0.000010 0.000010 0.000010 0.000010
0.198880 0.224002 0.059493 0.000010 0.000010 0.391032 0.084148 0.000010 0.042405 0.000010
0.327782 0.000010 0.000010 0.178903 0.000010 0.336239 0.157016 0.000010 0.000010 0.000010
0.404136 0.073516 0.139990 0.308841 0.000010 0.073467 0.000010 0.000010 0.000010 0.000010
0.000010 0.000010 0.000037 0.112990 0.000010 0.513071 0.303842 0.000010 0.000010 0.070010
0.463438 0.123881 0.062530 0.335341 0.000010 0.014760 0.000010 0.000010 0.000010 0.000010
0.149528 0.416327 0.022378 0.000010 0.000010 0.178500 0.211707 0.000010 0.021055 0.000475
0.326991 0.302789 0.000010 0.000010 0.000010 0.322708 0.045173 0.000010 0.002288 0.000010
0.030033 0.223880 0.000010 0.350077 0.395950 0.000010 0.000010 0.000010 0.000010 0.000010
0.318841 0.000010 0.103798 0.216620 0.000010 0.360681 0.000010 0.000010 0.000010 0.000010
0.000010 0.000010 0.070220 0.000010 0.281818 0.000010 0.207138 0.081065 0.181565 0.178154
0.000010 0.352465 0.220482 0.000015 0.010930 0.415212 0.000010 0.000010 0.000010 0.000855
0.000010 0.000010 0.000010 0.000010 0.000010 0.000010 0.351044 0.000010 0.091963 0.556923
0.126412 0.333573 0.000010 0.466190 0.000010 0.000010 0.000010 0.000010 0.000010 0.073765
0.098295 0.000010 0.000010 0.419366 0.457159 0.000010 0.000010 0.000010 0.000010 0.025120
0.000010 0.000010 0.000010 0.135708 0.000010 0.000010 0.340211 0.233441 0.000010 0.290580
0.000010 0.246009 0.019837 0.000010 0.000010 0.226255 0.220865 0.000010 0.000010 0.286984
0.018076 0.000010 0.142474 0.044204 0.007280 0.137101 0.269403 0.041545 0.056381 0.283525
0.000010 0.342016 0.000010 0.015046 0.359099 0.162641 0.121147 0.000010 0.000010 0.000010
0.116753 0.462558 0.000010 0.000010 0.000010 0.413833 0.006796 0.000010 0.000010 0.000010
0.020346 0.164413 0.000010 0.000010 0.000010 0.230640 0.000010 0.346792 0.000010 0.237758
0.000010 0.092653 0.122807 0.000010 0.024676 0.109342 0.004416 0.356711 0.000010 0.289365
0.210070 0.033883 0.238024 0.000010 0.000010 0.042454 0.000010 0.000591 0.004930 0.470019
0.000010 0.000010 0.000010 0.000010 0.370251 0.227231 0.000010 0.157304 0.000010 0.245154
0.536187 0.000010 0.026994 0.000010 0.000010 0.000010 0.000010 0.094985 0.000010 0.341774
0.000010 0.000010 0.489947 0.000010 0.318752 0.000010 0.000010 0.010308 0.000010 0.180933
0.024719 0.000010 0.000010 0.031517 0.000010 0.000010 0.111109 0.371767 0.037048 0.423800
0.029989 0.000010 0.000010 0.074306 0.000010 0.000010 0.127048 0.008999 0.083655 0.675962
0.000010 0.000010 0.294004 0.000010 0.000010 0.100198 0.226267 0.000010 0.000010 0.379471
0.000010 0.218444 0.000010 0.000010 0.000010 0.235460 0.000010 0.268415 0.000010 0.277620
0.000010 0.000010 0.000010 0.000010 0.000010 0.056002 0.254486 0.267600 0.000010 0.421852
0.000010 0.000010 0.501974 0.123180 0.000010 0.000010 0.000010 0.000010 0.000010 0.374776
0.000010 0.136098 0.000010 0.120380 0.000010 0.000010 0.288785 0.000010 0.000010 0.454678
0.161804 0.120525 0.054796 0.000010 0.000010 0.000010 0.076521 0.016144 0.008722 0.561459
0.102640 0.218571 0.096068 0.000010 0.000010 0.000010 0.000010 0.037917 0.000010 0.544754
0.036980 0.153372 0.108746 0.041077 0.002913 0.000010 0.000010 0.000010 0.119783 0.537098
0.019584 0.000010 0.250849 0.000010 0.000010 0.060571 0.031560 0.410796 0.000010 0.226601
0.000010 0.000010 0.000010 0.000010 0.000010 0.180268 0.440657 0.000010 0.000010 0.379005
0.000010 0.000010 0.000010 0.068946 0.375197 0.000010 0.000010 0.000010 0.000010 0.555787
0.136932 0.000010 0.016452 0.000010 0.000010 0.108644 0.217878 0.051280 0.050840 0.417943
0.049595 0.081339 0.000010 0.039393 0.000010 0.000010 0.000010 0.304564 0.000010 0.525059
0.000010 0.000010 0.000010 0.000010 0.375459 0.000010 0.263187 0.000010 0.000010 0.361285
0.000010 0.000010 0.000010 0.000010 0.000010 0.015404 0.421223 0.182241 0.000010 0.381072
0.000010 0.000010 0.000010 0.167241 0.000010 0.000010 0.156717 0.236481 0.000010 0.439501
0.000010 0.000010 0.174067 0.000010 0.312309 0.000010 0.000010 0.233573 0.000010 0.279991
0.000010 0.000010 0.029417 0.115738 0.000010 0.000010 0.000010 0.000010 0.154405 0.700380
0.323976 0.057056 0.086523 0.000010 0.017292 0.000010 0.000010 0.193061 0.000010 0.322053
0.000010 0.030955 0.090690 0.000010 0.322047 0.000010 0.000010 0.000010 0.025985 0.530272
0.144565 0.000010 0.023347 0.000010 0.000010 0.000010 0.000010 0.411703 0.000010 0.420325
0.090991 0.000010 0.292836 0.000010 0.000010 0.000010 0.000010 0.022414 0.002968 0.590741
0.000010 0.000010 0.000010 0.000010 0.000010 0.039397 0.050187 0.550150 0.000010 0.360206
0.000010 0.309450 0.294110 0.000010 0.000010 0.000010 0.024752 0.000010 0.000010 0.371629
0.000010 0.190073 0.000010 0.000010 0.000010 0.000010 0.174178 0.239463 0.000010 0.396226
0.000010 0.000010 0.113618 0.000010 0.293393 0.188269 0.202391 0.000010 0.000707 0.201582
0.337192 0.307029 0.000010 0.000010 0.009463 0.000010 0.000010 0.000010 0.028294 0.317971
0.075508 0.092783 0.000010 0.000010 0.380847 0.000010 0.000010 0.000010 0.000010 0.450803
0.000010 0.096262 0.013157 0.000010 0.000010 0.048059 0.473263 0.168997 0.000010 0.200222
0.000010 0.000010 0.110426 0.034324 0.318079 0.000010 0.000010 0.000010 0.000010 0.537112
0.000010 0.069863 0.202856 0.000010 0.374625 0.000010 0.000010 0.062607 0.000010 0.289999
0.000010 0.000010 0.000010 0.000010 0.000010 0.000010 0.411429 0.000010 0.000010 0.588491
0.219010 0.000010 0.000010 0.128642 0.354289 0.278321 0.000011 0.000010 0.000010 0.019687
0.000010 0.158734 0.068364 0.286017 0.337539 0.000010 0.043664 0.000010 0.007041 0.098610
0.168851 0.450712 0.000010 0.161529 0.000010 0.000010 0.000010 0.218848 0.000010 0.000010
0.000010 0.000010 0.000010 0.382668 0.000010 0.416536 0.000010 0.113080 0.042979 0.044688
0.048479 0.000010 0.015871 0.192609 0.000010 0.136017 0.151999 0.233347 0.051738 0.169919
0.000010 0.452997 0.000010 0.115322 0.000010 0.301237 0.089750 0.000010 0.000010 0.040644
0.399724 0.000010 0.006850 0.180947 0.389298 0.023131 0.000010 0.000010 0.000010 0.000010
0.145357 0.210341 0.000010 0.000010 0.000010 0.406344 0.000010 0.073335 0.039463 0.125121
0.203749 0.000010 0.162578 0.438683 0.000010 0.068253 0.000010 0.000010 0.000010 0.126687
0.000010 0.328187 0.000010 0.176131 0.000010 0.191984 0.152745 0.050962 0.017724 0.082235
0.000010 0.131730 0.113073 0.028750 0.308039 0.418358 0.000010 0.000010 0.000010 0.000010
0.299013 0.220506 0.000010 0.000010 0.000010 0.207797 0.141848 0.120610 0.010186 0.000010
0.471645 0.000010 0.000010 0.029187 0.000010 0.499097 0.000010 0.000010 0.000010 0.000010
0.507276 0.000010 0.000010 0.000010 0.000010 0.402554 0.000010 0.009289 0.000010 0.080821
0.017110 0.000010 0.379956 0.000010 0.000010 0.000010 0.000010 0.036217 0.056951 0.509716
0.000010 0.000010 0.031681 0.000010 0.311876 0.254637 0.176871 0.022621 0.000010 0.202274
0.000010 0.000010 0.000010 0.128368 0.402661 0.000010 0.078385 0.000010 0.000010 0.390526
0.077331 0.134973 0.002369 0.000010 0.000010 0.000010 0.040534 0.000010 0.036663 0.708089
0.000010 0.000010 0.093924 0.056087 0.000010 0.206330 0.051272 0.219124 0.000010 0.373223
0.000010 0.000010 0.059394 0.000010 0.000010 0.037304 0.279335 0.296610 0.000010 0.327308
0.000010 0.000010 0.101439 0.181161 0.000010 0.000010 0.075413 0.000010 0.023257 0.618679
0.000010 0.007732 0.204448 0.138073 0.006766 0.000010 0.000010 0.198922 0.000010 0.444019
0.000010 0.105272 0.045328 0.000010 0.008499 0.537852 0.115346 0.000010 0.000010 0.187664
0.318901 0.000010 0.074913 0.000010 0.000010 0.007875 0.000010 0.000010 0.000010 0.598251
0.000010 0.068562 0.214483 0.000010 0.000010 0.193857 0.059037 0.089742 0.000010 0.374278
0.273015 0.000010 0.000512 0.000010 0.000010 0.188661 0.136279 0.000010 0.000010 0.401484
0.184315 0.000010 0.106948 0.000010 0.000010 0.000010 0.018559 0.015760 0.030092 0.644286
0.000010 0.153512 0.000010 0.015870 0.000010 0.000010 0.054717 0.000010 0.057663 0.718188
0.034788 0.059776 0.000010 0.000010 0.342086 0.054943 0.105717 0.142746 0.000010 0.259914
0.250416 0.006267 0.000010 0.000010 0.000010 0.000010 0.000010 0.000010 0.046585 0.696672
0.000020 0.000010 0.000010 0.000010 0.000010 0.258185 0.247830 0.285784 0.000010 0.208132
0.019140 0.000010 0.194348 0.172690 0.000010 0.031882 0.097250 0.000010 0.000010 0.484651
0.000010 0.000010 0.000010 0.000010 0.365046 0.000010 0.000010 0.000010 0.020706 0.614177
0.351223 0.000010 0.202684 0.000010 0.000010 0.017927 0.000010 0.000010 0.000010 0.428106
0.006475 0.146709 0.000010 0.000010 0.000010 0.000010 0.000010 0.375331 0.000010 0.471425
0.000010 0.000010 0.243928 0.000010 0.000010 0.000010 0.259280 0.000010 0.000010 0.496721
0.046612 0.114623 0.000010 0.000010 0.000010 0.000010 0.000010 0.395833 0.000010 0.442872
0.584308 0.406811 0.000010 0.000010 0.008811 0.000010 0.000010 0.000010 0.000010 0.000010
0.274389 0.065855 0.071904 0.519309 0.000010 0.000010 0.000010 0.000010 0.055471 0.013033
0.000010 0.000010 0.325629 0.073755 0.000010 0.590024 0.000010 0.010532 0.000010 0.000010
0.068807 0.086511 0.112200 0.000010 0.000010 0.532556 0.000010 0.000010 0.002161 0.197725
0.000010 0.128571 0.163954 0.446497 0.000010 0.204171 0.056757 0.000010 0.000010 0.000010
0.438911 0.120563 0.000010 0.000010 0.440457 0.000010 0.000010 0.000010 0.000010 0.000010
0.195923 0.000010 0.294615 0.082434 0.000010 0.415911 0.000010 0.011067 0.000010 0.000010
0.000010 0.000010 0.225892 0.000010 0.418019 0.245724 0.000010 0.040302 0.000010 0.070012
0.000010 0.000010 0.000010 0.000010 0.750667 0.000010 0.000010 0.195047 0.035039 0.019187
0.000010 0.000010 0.019210 0.085368 0.012863 0.107169 0.135523 0.299774 0.000010 0.340063
0.190325 0.000010 0.261935 0.000010 0.000010 0.000010 0.024823 0.000010 0.000010 0.522857
0.023042 0.030998 0.004747 0.000010 0.319769 0.116261 0.114184 0.162230 0.000010 0.228748
0.309599 0.000010 0.279266 0.000010 0.000010 0.000010 0.000010 0.405155 0.005920 0.000010
0.000010 0.000010 0.355324 0.027507 0.000010 0.000010 0.000010 0.237132 0.034802 0.345186
0.000010 0.000010 0.033746 0.099271 0.000010 0.000010 0.000010 0.659378 0.000010 0.207546
0.000010 0.000010 0.000010 0.000010 0.322537 0.139119 0.203578 0.000010 0.000010 0.334706
0.000010 0.000010 0.158239 0.000010 0.000010 0.233681 0.000010 0.283277 0.000010 0.324743
0.000010 0.135430 0.000010 0.177498 0.362932 0.251401 0.054256 0.000010 0.018443 0.000010
0.000010 0.065202 0.000010 0.560172 0.339088 0.000010 0.035478 0.000010 0.000010 0.000010
0.000010 0.466401 0.043542 0.052389 0.437608 0.000010 0.000010 0.000010 0.000010 0.000010
0.080225 0.000010 0.000901 0.232450 0.277664 0.391760 0.000010 0.000010 0.016960 0.000010
0.692871 0.281272 0.000010 0.000010 0.000010 0.000010 0.000010 0.000010 0.000010 0.025787
0.227154 0.056351 0.000010 0.000010 0.000010 0.000010 0.000010 0.240045 0.000010 0.476390
0.285989 0.234380 0.036748 0.053960 0.000010 0.047466 0.000010 0.060856 0.000010 0.280570
0.000010 0.000010 0.000010 0.000010 0.000010 0.000010 0.356416 0.282563 0.000010 0.360951
0.000010 0.000010 0.000010 0.000010 0.000010 0.000010 0.306773 0.267644 0.000010 0.425513
0.000010 0.000010 0.062482 0.172707 0.000010 0.000010 0.000010 0.396615 0.000010 0.368136
0.263948 0.043349 0.030381 0.000010 0.000010 0.000010 0.175813 0.000010 0.015574 0.470895
0.000010 0.000010 0.000010 0.000010 0.000010 0.122651 0.000010 0.446662 0.000010 0.430617
0.000010 0.102412 0.045574 0.241042 0.000010 0.000010 0.000010 0.145161 0.060313 0.405458
0.000010 0.083152 0.000010 0.483460 0.000010 0.000010 0.177805 0.255523 0.000010 0.000010
0.014726 0.419992 0.168967 0.313391 0.000010 0.000010 0.000010 0.000010 0.036373 0.046511
0.274305 0.611313 0.003527 0.000010 0.000010 0.027484 0.000010 0.002178 0.000010 0.081154
0.000010 0.000010 0.000010 0.087858 0.000010 0.470097 0.441975 0.000010 0.000010 0.000010
0.301993 0.263354 0.000010 0.000010 0.413510 0.000010 0.000010 0.000010 0.000010 0.021083
0.333286 0.281597 0.249251 0.089101 0.000010 0.046716 0.000010 0.000010 0.000010 0.000010
0.258116 0.051307 0.030403 0.302324 0.000010 0.000010 0.352255 0.005555 0.000010 0.000010
0.186107 0.327220 0.002179 0.301057 0.000010 0.000010 0.075150 0.008112 0.000010 0.100145
0.047471 0.384531 0.314601 0.000010 0.000010 0.000010 0.000010 0.000010 0.032496 0.220851
0.012373 0.000010 0.359160 0.000010 0.000010 0.441177 0.000010 0.003161 0.000010 0.184078
0.000010 0.000010 0.000010 0.494503 0.000010 0.409293 0.096134 0.000010 0.000010 0.000010
0.282474 0.000010 0.000010 0.188676 0.000010 0.457063 0.071726 0.000010 0.000010 0.000010
0.108286 0.282619 0.241311 0.000010 0.000010 0.309818 0.034329 0.000010 0.006315 0.017292
0.202793 0.059165 0.000010 0.246990 0.000010 0.490992 0.000010 0.000010 0.000010 0.000010
0.000010 0.000010 0.000010 0.000010 0.731771 0.000010 0.144821 0.000010 0.054860 0.068488
0.372843 0.000010 0.000010 0.263335 0.007002 0.222683 0.117474 0.016624 0.000010 0.000010
0.387125 0.095957 0.000010 0.204213 0.000010 0.000010 0.000010 0.312645 0.000010 0.000010
0.011998 0.088632 0.000010 0.000010 0.286623 0.000010 0.000010 0.334337 0.031700 0.246670
0.000010 0.000010 0.274397 0.090029 0.000010 0.000010 0.096005 0.000010 0.000010 0.539508
0.131603 0.158432 0.202032 0.000010 0.000010 0.422241 0.041643 0.000010 0.000010 0.044009
0.310224 0.000010 0.000010 0.314750 0.374957 0.000010 0.000010 0.000010 0.000010 0.000010
0.318619 0.175048 0.000010 0.329074 0.000010 0.010154 0.000010 0.019856 0.007863 0.139356
0.285569 0.247103 0.012543 0.000010 0.000010 0.346389 0.107435 0.000921 0.000010 0.000010
0.000010 0.200541 0.042347 0.000010 0.000010 0.660307 0.077781 0.000010 0.018975 0.000010
0.000010 0.000010 0.000010 0.000010 0.000010 0.979416 0.000010 0.000010 0.020504 0.000010
0.480338 0.000010 0.073817 0.431956 0.000010 0.011679 0.000010 0.002160 0.000010 0.000010
0.000010 0.044235 0.000010 0.001240 0.000010 0.623875 0.271918 0.000010 0.000010 0.058682
0.834881 0.000010 0.080660 0.084389 0.000010 0.000010 0.000010 0.000010 0.000010 0.000010
0.227762 0.167515 0.000010 0.152262 0.000010 0.369060 0.000010 0.074806 0.000010 0.008555
0.000010 0.025020 0.000010 0.022586 0.000010 0.709612 0.242723 0.000010 0.000010 0.000010
0.000010 0.000010 0.000010 0.246526 0.000010 0.246357 0.507047 0.000010 0.000010 0.000010
0.240335 0.302194 0.001664 0.000010 0.000010 0.373524 0.000010 0.000010 0.082234 0.000010
0.219925 0.275959 0.042774 0.373438 0.000010 0.000010 0.000010 0.000010 0.018127 0.069737
0.231191 0.148732 0.028016 0.141891 0.000010 0.157405 0.236054 0.000010 0.056680 0.000010
0.000010 0.167667 0.010331 0.000010 0.000010 0.116506 0.468498 0.000014 0.000010 0.236944
0.385538 0.118035 0.000010 0.127553 0.000010 0.183112 0.185713 0.000010 0.000010 0.000010
0.000010 0.000010 0.000010 0.000010 0.767327 0.077498 0.000010 0.000017 0.000010 0.155098
0.000010 0.050842 0.000010 0.148450 0.609398 0.039980 0.151281 0.000010 0.000010 0.000010
0.148645 0.139842 0.103575 0.000010 0.000010 0.039100 0.337385 0.000010 0.000010 0.231413
0.000010 0.000010 0.000010 0.140177 0.000010 0.000010 0.123841 0.197379 0.000010 0.538543
0.000010 0.000010 0.000010 0.000010 0.000010 0.675362 0.180706 0.041512 0.000010 0.102361
0.336886 0.138732 0.000010 0.046760 0.000010 0.424818 0.000010 0.027040 0.025724 0.000010
0.012799 0.517580 0.000010 0.348683 0.000010 0.000010 0.000010 0.032337 0.009991 0.078571
0.424037 0.000010 0.000010 0.064755 0.000010 0.494623 0.000010 0.000010 0.000010 0.016524
0.000010 0.000010 0.000010 0.000010 0.177349 0.576391 0.246190 0.000010 0.000010 0.000010
0.000010 0.000010 0.000010 0.000010 0.212663 0.787257 0.000010 0.000010 0.000010 0.000010
0.285193 0.287594 0.081558 0.309966 0.000010 0.000010 0.000010 0.000010 0.011345 0.024303
0.059523 0.047024 0.250031 0.216971 0.000010 0.419335 0.000010 0.007075 0.000010 0.000010
0.364609 0.021222 0.043803 0.262540 0.000010 0.006575 0.019202 0.020361 0.000010 0.261667
0.000010 0.000010 0.047128 0.237223 0.000010 0.600451 0.086423 0.005538 0.023196 0.000010
0.000010 0.000010 0.000010 0.000010 0.000010 0.868783 0.000010 0.131137 0.000010 0.000010
0.344227 0.296295 0.000010 0.000010 0.000010 0.106367 0.233414 0.019648 0.000010 0.000010
0.000010 0.438091 0.075744 0.000010 0.000010 0.387203 0.000010 0.041222 0.024354 0.033347
0.000010 0.267656 0.133036 0.000010 0.000010 0.558116 0.041132 0.000010 0.000010 0.000010
0.000010 0.000010 0.000010 0.000010 0.305113 0.694807 0.000010 0.000010 0.000010 0.000010
0.683184 0.207829 0.000010 0.025971 0.003161 0.000010 0.021593 0.000010 0.000010 0.058222
0.000010 0.000010 0.000010 0.000010 0.000010 0.881551 0.000010 0.081424 0.000010 0.036955
0.057551 0.229713 0.000010 0.607277 0.000010 0.000010 0.018841 0.000010 0.000010 0.086567
0.043617 0.525699 0.083944 0.000010 0.000010 0.332828 0.000010 0.000010 0.000010 0.013861
0.065244 0.444066 0.011145 0.377836 0.000010 0.000010 0.000010 0.000010 0.000010 0.101659
0.037560 0.000010 0.097330 0.191974 0.008968 0.312863 0.112601 0.120447 0.000010 0.118236
0.044695 0.329614 0.000010 0.178618 0.000010 0.131859 0.189061 0.062801 0.000010 0.063322
0.000010 0.057906 0.000010 0.233638 0.000010 0.517605 0.190791 0.000010 0.000010 0.000010
0.415085 0.000010 0.174867 0.000010 0.366526 0.000010 0.000010 0.000010 0.043462 0.000010
0.000010 0.275963 0.047878 0.273965 0.000010 0.232047 0.048794 0.000010 0.004570 0.116753
0.127099 0.155260 0.000010 0.161896 0.000010 0.340254 0.096326 0.000010 0.000010 0.119125
0.198870 0.000010 0.000010 0.000010 0.435672 0.365388 0.000010 0.000010 0.000010 0.000010
0.000010 0.000010 0.349290 0.000010 0.000010 0.000010 0.437264 0.000010 0.030191 0.183195
0.000010 0.000010 0.041739 0.034800 0.000010 0.923392 0.000010 0.000010 0.000010 0.000010
0.000010 0.331262 0.080332 0.000010 0.000010 0.168235 0.132685 0.076352 0.000010 0.211094
0.316154 0.172741 0.191492 0.000010 0.000010 0.000010 0.000010 0.028554 0.000010 0.291009
0.000010 0.234600 0.067995 0.066574 0.000010 0.251071 0.171049 0.000010 0.000010 0.208671
0.000010 0.208126 0.000010 0.000010 0.439046 0.352757 0.000010 0.000010 0.000010 0.000010
0.273422 0.000010 0.004813 0.204351 0.022789 0.306581 0.098479 0.008118 0.024996 0.056440
0.379832 0.067326 0.087426 0.078039 0.019370 0.000010 0.123149 0.057439 0.106115 0.081294
0.264903 0.000010 0.010558 0.224221 0.000010 0.355172 0.082654 0.021871 0.000010 0.040590
0.000010 0.138746 0.000010 0.325589 0.000010 0.000010 0.000010 0.201590 0.183187 0.150838
0.214701 0.000010 0.000010 0.204590 0.350441 0.000010 0.029775 0.031443 0.155435 0.013583
0.119492 0.013956 0.069065 0.000010 0.319077 0.175974 0.130780 0.021772 0.149862 0.000010
0.000010 0.057874 0.169654 0.222699 0.440342 0.020113 0.005103 0.001613 0.082582 0.000010
0.000010 0.113129 0.081939 0.059533 0.331823 0.232565 0.155923 0.000010 0.000010 0.025058
0.000010 0.000010 0.418653 0.270531 0.000010 0.310747 0.000010 0.000010 0.000010 0.000010
0.197909 0.117109 0.190553 0.000010 0.000010 0.301698 0.000010 0.111210 0.000010 0.081480
0.200703 0.000010 0.000010 0.000010 0.384598 0.000010 0.295782 0.039345 0.079522 0.000010
0.144349 0.000010 0.157095 0.088312 0.000010 0.465960 0.000010 0.004544 0.051562 0.088147
0.000010 0.000010 0.000010 0.199262 0.366059 0.232052 0.000010 0.202567 0.000010 0.000010
0.000010 0.000010 0.000010 0.015332 0.865381 0.000010 0.000010 0.078573 0.040654 0.000010
0.489467 0.000010 0.044913 0.191171 0.000010 0.000010 0.052187 0.000010 0.131963 0.090258
0.709660 0.000010 0.000010 0.142631 0.000010 0.063747 0.000010 0.000010 0.000010 0.083902
0.391786 0.262251 0.000853 0.177095 0.000010 0.000010 0.025201 0.000010 0.002383 0.140402
0.412251 0.261780 0.014248 0.000010 0.000010 0.001523 0.008100 0.034439 0.000010 0.267629
0.140463 0.000010 0.324624 0.161940 0.000010 0.000010 0.000010 0.074518 0.246372 0.052043
0.000010 0.000010 0.000010 0.294054 0.357521 0.000010 0.205037 0.068702 0.000010 0.074637
0.162711 0.000010 0.029826 0.282185 0.008218 0.000010 0.453569 0.000010 0.018153 0.045308
0.000010 0.000010 0.132299 0.000010 0.000010 0.588618 0.108595 0.068720 0.006104 0.095624
0.402989 0.000010 0.000010 0.140738 0.000010 0.255744 0.174972 0.000010 0.000010 0.025507
0.000010 0.000010 0.000010 0.394210 0.000010 0.000010 0.000010 0.483548 0.011732 0.110450
0.033730 0.025971 0.182452 0.043548 0.006299 0.323285 0.000010 0.384685 0.000010 0.000010
0.346092 0.000010 0.000010 0.021064 0.325519 0.000010 0.000010 0.000010 0.000010 0.307265
0.000010 0.000010 0.459014 0.000010 0.225489 0.315427 0.000010 0.000010 0.000010 0.000010
0.108827 0.043429 0.124847 0.238172 0.484675 0.000010 0.000010 0.000010 0.000010 0.000010
0.000010 0.084949 0.038460 0.000010 0.309144 0.224492 0.001715 0.239221 0.101988 0.000010
0.183639 0.412238 0.007974 0.142334 0.085004 0.000010 0.050926 0.000010 0.017600 0.100263
0.060771 0.204377 0.206882 0.124193 0.052912 0.000010 0.069074 0.155372 0.126400 0.000010
0.000010 0.000010 0.140645 0.129015 0.072262 0.053045 0.171140 0.228207 0.113398 0.092269
0.434454 0.000010 0.000010 0.016645 0.269140 0.000010 0.000010 0.239203 0.040509 0.000010
0.000010 0.000010 0.000010 0.042928 0.000010 0.137761 0.285050 0.201112 0.333100 0.000010
0.410371 0.258753 0.000010 0.047793 0.000010 0.000010 0.000010 0.000010 0.000010 0.283024
0.259573 0.000010 0.110506 0.189969 0.000010 0.000010 0.000010 0.316225 0.020015 0.103673
0.073095 0.346772 0.148311 0.113232 0.014525 0.000010 0.000010 0.028555 0.203378 0.072111
0.341793 0.192018 0.063443 0.116953 0.015585 0.000010 0.000010 0.220323 0.049854 0.000010
0.032782 0.263329 0.067671 0.000010 0.036921 0.369336 0.188574 0.041357 0.000010 0.000010
0.361159 0.000010 0.000010 0.000010 0.000010 0.000010 0.367995 0.004298 0.015385 0.251114
0.000010 0.073228 0.000010 0.276059 0.000010 0.000010 0.412596 0.023703 0.214364 0.000010
0.000010 0.000010 0.000010 0.194018 0.314246 0.000010 0.000010 0.000010 0.491667 0.000010
0.040809 0.000010 0.228973 0.008262 0.000010 0.000010 0.000010 0.000010 0.721896 0.000010
0.284881 0.104914 0.265417 0.174646 0.007232 0.112530 0.000010 0.000010 0.050349 0.000010
0.368078 0.257251 0.000010 0.012738 0.000010 0.000010 0.046875 0.000010 0.051414 0.263604
0.000010 0.114484 0.000010 0.082660 0.000010 0.000010 0.042459 0.000010 0.666613 0.093734
0.133140 0.043247 0.034617 0.080888 0.054372 0.059963 0.174476 0.048011 0.311321 0.059965
0.265255 0.000010 0.082442 0.000010 0.003865 0.275272 0.000010 0.052163 0.320964 0.000010
0.014004 0.011937 0.116782 0.158437 0.067054 0.000010 0.130823 0.058104 0.436925 0.005923
0.070452 0.000010 0.000010 0.000010 0.035747 0.000010 0.246601 0.000010 0.647140 0.000010
0.070020 0.142651 0.034342 0.000010 0.002745 0.034540 0.000010 0.068763 0.624605 0.022313
0.117418 0.000010 0.146364 0.018827 0.001765 0.000010 0.000010 0.000010 0.715576 0.000010
0.152606 0.013383 0.040830 0.000010 0.071089 0.074038 0.175086 0.027816 0.409939 0.035204
0.129887 0.014705 0.093403 0.001347 0.057028 0.111441 0.146956 0.061930 0.370890 0.012413
0.148116 0.084321 0.030510 0.063315 0.000332 0.020103 0.143895 0.054938 0.401907 0.052564
0.129264 0.117527 0.065516 0.000010 0.025424 0.096861 0.190268 0.023866 0.319401 0.031863
0.000010 0.108766 0.000010 0.144737 0.018270 0.000010 0.056576 0.121270 0.421696 0.128654
0.000010 0.000010 0.000010 0.000010 0.000010 0.081309 0.090797 0.000010 0.827824 0.000010
0.021640 0.016926 0.000010 0.000010 0.341639 0.000010 0.000010 0.000010 0.619735 0.000010
0.113768 0.089296 0.059306 0.000010 0.033308 0.064016 0.000010 0.033745 0.606532 0.000010
0.042366 0.000010 0.084114 0.000010 0.012498 0.426092 0.162130 0.037638 0.213928 0.021213
0.000010 0.046218 0.194491 0.055261 0.248530 0.082681 0.126370 0.085658 0.160771 0.000010
0.250327 0.169024 0.000010 0.038498 0.041868 0.254774 0.012460 0.000010 0.233019 0.000010
0.000010 0.000010 0.048081 0.000010 0.000010 0.140117 0.000010 0.060235 0.751507 0.000010
0.000010 0.000010 0.000010 0.000010 0.213846 0.000010 0.000010 0.000010 0.786074 0.000010
0.000010 0.029602 0.258039 0.000010 0.000010 0.000010 0.000010 0.000010 0.712289 0.000010
0.000010 0.000010 0.225426 0.000010 0.068915 0.213147 0.047839 0.000010 0.444622 0.000010
0.000010 0.017328 0.083380 0.000010 0.235739 0.221392 0.091930 0.000010 0.350191 0.000010
0.188463 0.139030 0.095060 0.000010 0.000010 0.000010 0.000010 0.022821 0.531134 0.023454
0.000010 0.096271 0.169642 0.000010 0.000010 0.350951 0.066389 0.099605 0.217102 0.000010
0.161247 0.076130 0.152738 0.000010 0.029398 0.052245 0.004482 0.054583 0.460400 0.008766
0.047575 0.198144 0.214853 0.024142 0.381090 0.000010 0.055494 0.000010 0.078672 0.000010
0.000010 0.125566 0.148867 0.239914 0.026797 0.378315 0.000010 0.000010 0.013024 0.067487
0.130867 0.080870 0.058208 0.000010 0.309008 0.007033 0.000010 0.139163 0.274822 0.000010
0.057329 0.007612 0.016636 0.264502 0.141095 0.000010 0.089759 0.000010 0.399432 0.023615
0.000010 0.309433 0.000010 0.000010 0.000010 0.540154 0.150344 0.000010 0.000010 0.000010
0.005879 0.045358 0.106422 0.224357 0.154058 0.115432 0.177429 0.012849 0.158206 0.000010
0.222317 0.105938 0.154374 0.170761 0.000010 0.000010 0.105210 0.092679 0.047454 0.101246
0.055028 0.000010 0.015690 0.030628 0.427174 0.235740 0.145867 0.089843 0.000010 0.000010
0.288403 0.100412 0.009191 0.058814 0.035654 0.143328 0.123658 0.000010 0.074744 0.165784
0.000010 0.203394 0.107140 0.332876 0.019796 0.118752 0.218002 0.000010 0.000010 0.000010
0.196410 0.154136 0.037894 0.294445 0.028646 0.000010 0.092730 0.023614 0.000010 0.172107
0.000010 0.000010 0.001653 0.000010 0.270971 0.017605 0.126311 0.000010 0.583410 0.000010
0.000010 0.000010 0.000010 0.202701 0.000010 0.013025 0.388410 0.000010 0.395804 0.000010
0.000010 0.124593 0.144900 0.201799 0.027523 0.059651 0.273711 0.029822 0.106017 0.031974
0.000010 0.439347 0.080778 0.075457 0.000010 0.362409 0.017763 0.000010 0.024205 0.000010
0.199104 0.000010 0.006487 0.006085 0.396799 0.051945 0.000010 0.000010 0.339539 0.000010
0.067765 0.134298 0.148869 0.338647 0.063360 0.114387 0.000010 0.016345 0.070738 0.045581
0.206595 0.000010 0.207247 0.172721 0.013183 0.126424 0.041103 0.031388 0.045159 0.156169
0.000010 0.000010 0.000010 0.000010 0.262345 0.078026 0.252895 0.082282 0.324402 0.000010
0.000010 0.327592 0.151205 0.100235 0.000010 0.163773 0.138633 0.010551 0.042661 0.065330
0.000010 0.079616 0.000010 0.113547 0.339911 0.154021 0.238037 0.074828 0.000010 0.000010
0.095192 0.186951 0.163100 0.000010 0.014158 0.112612 0.030234 0.054754 0.164291 0.178698
0.323114 0.000010 0.027153 0.064573 0.293410 0.088454 0.000010 0.000010 0.023343 0.179923
0.393714 0.000010 0.000010 0.103329 0.000010 0.032089 0.302808 0.168011 0.000010 0.000010
0.119766 0.148766 0.031785 0.049972 0.384441 0.178899 0.000010 0.024244 0.019528 0.042589
0.111833 0.000010 0.000010 0.000010 0.531474 0.000010 0.000010 0.186486 0.170146 0.000010
0.000010 0.000010 0.042671 0.170308 0.000010 0.000010 0.000010 0.007356 0.779605 0.000010
0.215146 0.000010 0.304884 0.000010 0.468286 0.000010 0.000010 0.000010 0.011624 0.000010
0.202263 0.227595 0.004861 0.298935 0.039568 0.024323 0.002509 0.000010 0.142469 0.057467
0.193993 0.347444 0.222318 0.219180 0.000010 0.000010 0.000010 0.000010 0.017015 0.000010
0.492487 0.062215 0.000010 0.000010 0.445228 0.000010 0.000010 0.000010 0.000010 0.000010
0.000010 0.000010 0.129774 0.000010 0.000010 0.549365 0.320791 0.000010 0.000010 0.000010
0.000010 0.000010 0.040600 0.000010 0.269645 0.397208 0.183652 0.108845 0.000010 0.000010
0.052801 0.000010 0.014418 0.266752 0.004866 0.188358 0.092686 0.000010 0.380090 0.000010
0.307420 0.000010 0.242701 0.000010 0.000010 0.000010 0.029869 0.399904 0.020057 0.000010
0.206764 0.000010 0.000010 0.000010 0.000010 0.136388 0.227919 0.245831 0.183048 0.000010
0.009022 0.000010 0.056864 0.179299 0.000010 0.216527 0.132952 0.058862 0.282935 0.063518
0.020482 0.063704 0.209639 0.000010 0.285705 0.207877 0.107511 0.000010 0.105052 0.000010
0.000010 0.386209 0.010891 0.058032 0.020393 0.000010 0.020345 0.013700 0.433635 0.056776
0.226445 0.000010 0.052456 0.206662 0.025080 0.005476 0.006424 0.016743 0.333832 0.126871
0.000010 0.291690 0.148582 0.093034 0.000010 0.000010 0.466635 0.000010 0.000010 0.000010
0.309633 0.000010 0.038809 0.269789 0.000010 0.000010 0.195247 0.000010 0.046833 0.139648
0.000010 0.279857 0.184678 0.063840 0.039319 0.000010 0.262450 0.079443 0.090383 0.000010
0.000010 0.110598 0.371959 0.075705 0.000010 0.126490 0.218927 0.040805 0.055485 0.000010
0.262104 0.362438 0.046567 0.000010 0.002643 0.004752 0.194543 0.045924 0.056270 0.024749
0.000010 0.351510 0.223937 0.003774 0.000010 0.008040 0.412688 0.000010 0.000010 0.000010
0.196982 0.166995 0.153121 0.000010 0.000010 0.000010 0.249374 0.051201 0.173771 0.008526
0.000010 0.018497 0.000010 0.000010 0.013304 0.123165 0.176047 0.000010 0.666009 0.002938
0.000010 0.014008 0.127111 0.000346 0.000010 0.277501 0.054537 0.068391 0.458075 0.000010
0.000010 0.000010 0.078039 0.000010 0.000010 0.318071 0.180551 0.074297 0.348992 0.000010
0.000010 0.000010 0.138969 0.000010 0.000010 0.271144 0.000010 0.000010 0.589817 0.000010
0.029192 0.152738 0.136992 0.012324 0.013249 0.041696 0.000010 0.098897 0.514892 0.000010
0.112553 0.000010 0.023604 0.000010 0.358354 0.011491 0.000010 0.000010 0.493947 0.000010
0.000010 0.105017 0.000010 0.000010 0.002838 0.246931 0.000010 0.201813 0.443351 0.000010
0.000010 0.121740 0.000010 0.127534 0.000010 0.000010 0.000010 0.288003 0.462664 0.000010
0.063162 0.103454 0.214522 0.000010 0.000010 0.345794 0.000010 0.000010 0.178027 0.095002
0.000010 0.000010 0.276778 0.000010 0.212912 0.000010 0.080625 0.000010 0.429625 0.000010
0.000010 0.079820 0.000010 0.161266 0.001805 0.000010 0.163426 0.171969 0.137611 0.284072
0.000010 0.262781 0.000010 0.143709 0.000010 0.056256 0.160844 0.376359 0.000010 0.000010
0.000010 0.114126 0.000010 0.000010 0.000010 0.318544 0.404061 0.038636 0.000010 0.124584
0.016250 0.000010 0.439079 0.168714 0.273591 0.009754 0.000010 0.088389 0.004193 0.000010
0.000010 0.000010 0.287436 0.378449 0.000010 0.000010 0.000010 0.142167 0.191888 0.000010
0.736090 0.000010 0.037396 0.000010 0.000010 0.020873 0.000010 0.018739 0.186853 0.000010
0.101913 0.129112 0.000010 0.292073 0.000010 0.000010 0.000010 0.403735 0.015112 0.058015
0.000010 0.065040 0.061730 0.065087 0.000010 0.155542 0.109449 0.323814 0.147080 0.072237
0.156532 0.299090 0.053931 0.107074 0.000010 0.045578 0.182250 0.000010 0.000010 0.155515
0.000010 0.221286 0.000010 0.468419 0.000010 0.000010 0.310226 0.000010 0.000010 0.000010
0.099380 0.318510 0.091150 0.000010 0.000010 0.308501 0.042778 0.105551 0.000010 0.034101
0.000010 0.000010 0.000010 0.361776 0.000010 0.000010 0.000010 0.610649 0.027504 0.000010
0.170243 0.176971 0.000010 0.184800 0.000010 0.000010 0.137059 0.000010 0.029448 0.301439
0.000010 0.000010 0.000010 0.204677 0.303749 0.000010 0.270830 0.090133 0.130560 0.000010
0.000010 0.171611 0.000010 0.000010 0.000010 0.132773 0.000010 0.644819 0.050737 0.000010
0.060304 0.577515 0.097671 0.000010 0.000010 0.000010 0.000010 0.224951 0.039509 0.000010
0.000010 0.000010 0.100644 0.202772 0.000010 0.405377 0.291147 0.000010 0.000010 0.000010
0.000010 0.167874 0.148259 0.063386 0.000010 0.310288 0.080858 0.021585 0.033296 0.174435
0.166971 0.000010 0.226396 0.134130 0.000010 0.000010 0.030399 0.077622 0.364442 0.000010
0.570653 0.139248 0.000010 0.223085 0.000010 0.000010 0.000010 0.000010 0.042910 0.024054
0.006141 0.000010 0.000010 0.000010 0.000010 0.000010 0.402224 0.019435 0.399516 0.172634
0.000010 0.000010 0.000010 0.629407 0.000010 0.000010 0.000010 0.000010 0.086509 0.284014
0.000010 0.162425 0.075646 0.345987 0.000010 0.000010 0.004050 0.299097 0.098514 0.014251
0.000010 0.242914 0.000010 0.000010 0.000010 0.572526 0.146365 0.038136 0.000010 0.000010
0.216658 0.264281 0.068689 0.099509 0.016889 0.000010 0.000010 0.060849 0.090169 0.182936
0.165263 0.000010 0.000010 0.000010 0.307176 0.000010 0.179994 0.347508 0.000010 0.000010
0.000010 0.000010 0.011489 0.432418 0.000010 0.000010 0.000010 0.369547 0.125078 0.061417
0.000010 0.000010 0.254585 0.100949 0.114777 0.265489 0.108006 0.000010 0.156154 0.000010
0.000010 0.000010 0.000010 0.000010 0.757265 0.000010 0.198965 0.000010 0.043700 0.000010
0.000010 0.000010 0.203558 0.073172 0.000010 0.340975 0.000010 0.382235 0.000010 0.000010
0.000010 0.205500 0.160308 0.000010 0.000010 0.305942 0.000010 0.034948 0.238656 0.054607
0.000010 0.000010 0.000010 0.000010 0.000010 0.038983 0.403734 0.000010 0.491690 0.065533
0.000010 0.204053 0.000010 0.085134 0.000010 0.313067 0.124528 0.269006 0.000010 0.004172
0.026401 0.000010 0.000010 0.045893 0.300297 0.000010 0.287779 0.223998 0.042622 0.072981
0.047789 0.049253 0.000010 0.128833 0.000010 0.000010 0.172119 0.023135 0.405565 0.173276
0.000010 0.000010 0.000010 0.058094 0.000010 0.000010 0.000010 0.000010 0.931971 0.009865
0.188616 0.000010 0.000010 0.000010 0.000010 0.000010 0.000010 0.000010 0.811304 0.000010
0.209714 0.055494 0.070646 0.000010 0.000010 0.000010 0.000010 0.000010 0.641538 0.022559
0.011894 0.277211 0.000010 0.000010 0.345552 0.000010 0.000010 0.131082 0.234210 0.000010
0.420884 0.065726 0.121523 0.000010 0.007193 0.000010 0.000010 0.048413 0.336221 0.000010
0.111437 0.000010 0.000010 0.185512 0.000010 0.000010 0.086687 0.000010 0.582975 0.033339
0.055460 0.000010 0.000010 0.278089 0.000010 0.000010 0.000010 0.335865 0.223825 0.106711
0.000010 0.440582 0.000010 0.000010 0.398117 0.000010 0.000010 0.101669 0.049312 0.010270
0.079763 0.000010 0.000010 0.000010 0.301745 0.000010 0.000010 0.000010 0.618422 0.000010
0.011824 0.000010 0.018541 0.137327 0.000010 0.248970 0.000010 0.429046 0.154252 0.000010
0.000010 0.000010 0.217671 0.059072 0.325039 0.000010 0.079776 0.000010 0.318392 0.000010
0.155241 0.000010 0.016965 0.030039 0.385208 0.000010 0.000010 0.000010 0.338184 0.074322
0.000010 0.000010 0.000010 0.284098 0.000010 0.000010 0.000010 0.000010 0.709588 0.006244
0.000010 0.000010 0.252175 0.747745 0.000010 0.000010 0.000010 0.000010 0.000010 0.000010
0.229882 0.236772 0.088636 0.000010 0.000010 0.038499 0.000010 0.000010 0.406161 0.000010
0.000010 0.000010 0.168668 0.000013 0.000010 0.335357 0.000010 0.000010 0.495902 0.000010
0.000010 0.000010 0.000010 0.000010 0.590180 0.000010 0.000010 0.000010 0.409740 0.000010
0.068973 0.257007 0.203723 0.024885 0.000010 0.000010 0.095611 0.003034 0.263888 0.082859
0.000010 0.000010 0.045576 0.199912 0.000010 0.000010 0.000010 0.000010 0.744832 0.009620
0.000010 0.000010 0.000010 0.000010 0.000010 0.045955 0.293788 0.000010 0.660187 0.000010
0.073270 0.038035 0.110980 0.000010 0.000010 0.003179 0.000010 0.000010 0.774486 0.000010
0.144257 0.000010 0.084141 0.319767 0.000010 0.000010 0.425547 0.000010 0.026239 0.000010
0.000010 0.000010 0.000010 0.000010 0.679461 0.000010 0.135084 0.000010 0.185385 0.000010
0.000010 0.000010 0.000010 0.000010 0.000010 0.074138 0.205001 0.000010 0.720791 0.000010
0.000010 0.157396 0.000010 0.053539 0.450578 0.335943 0.002494 0.000010 0.000010 0.000010
0.173299 0.260167 0.000010 0.031034 0.000010 0.206363 0.222247 0.000010 0.000010 0.106850
0.000010 0.117951 0.003842 0.452275 0.000010 0.048518 0.286083 0.031227 0.001404 0.058680
0.000010 0.000010 0.121414 0.249860 0.000010 0.000010 0.000010 0.069803 0.558864 0.000010
0.095382 0.203652 0.126309 0.000010 0.000010 0.000010 0.144396 0.055608 0.374614 0.000010
0.000010 0.068993 0.000010 0.082343 0.000010 0.000010 0.000010 0.220628 0.627976 0.000010
0.000010 0.324686 0.154519 0.000010 0.000010 0.190030 0.000010 0.109473 0.000010 0.221242
0.453811 0.015632 0.185536 0.000010 0.000010 0.169520 0.000010 0.040063 0.105157 0.030251
0.000010 0.000010 0.000010 0.000010 0.000010 0.154401 0.072215 0.000010 0.773314 0.000010
0.000010 0.000010 0.000010 0.000010 0.000010 0.195843 0.029798 0.000010 0.758100 0.016198
0.412335 0.000010 0.169097 0.000010 0.000010 0.000010 0.000010 0.000010 0.418498 0.000010
0.736507 0.048778 0.011542 0.000010 0.000010 0.000010 0.000010 0.000010 0.000010 0.203113
0.000010 0.000010 0.202901 0.000010 0.000010 0.345352 0.000010 0.054934 0.396753 0.000010
0.461491 0.040603 0.000010 0.000010 0.000010 0.000010 0.487168 0.010677 0.000010 0.000010
0.000010 0.035417 0.000010 0.175412 0.000010 0.000010 0.056382 0.105434 0.505521 0.121795
0.000010 0.000010 0.000010 0.000010 0.351619 0.283895 0.273046 0.050919 0.024841 0.015640
0.018445 0.000010 0.000010 0.000010 0.000010 0.680767 0.148978 0.130281 0.000010 0.021480
0.000010 0.000010 0.365250 0.103954 0.000010 0.000010 0.085038 0.000010 0.445699 0.000010
0.347622 0.000010 0.091691 0.559419 0.000010 0.000010 0.000010 0.000010 0.000010 0.001207
0.192560 0.404524 0.153186 0.000010 0.006427 0.000010 0.000010 0.000010 0.243254 0.000010
0.637138 0.000010 0.083793 0.261389 0.000010 0.000010 0.000010 0.000010 0.008983 0.008647
0.453012 0.000010 0.033422 0.000010 0.000010 0.000010 0.000010 0.322289 0.191217 0.000010
0.000010 0.195625 0.000010 0.000010 0.417625 0.149578 0.200014 0.000010 0.037108 0.000010
0.437350 0.119910 0.032235 0.000010 0.357280 0.000010 0.000010 0.000010 0.000010 0.053176
0.000010 0.000010 0.021843 0.477324 0.000010 0.000018 0.357513 0.143252 0.000010 0.000010
0.396816 0.062186 0.000010 0.072627 0.446426 0.021893 0.000010 0.000010 0.000010 0.000010
0.018055 0.332533 0.000010 0.000010 0.371895 0.260635 0.016832 0.000010 0.000010 0.000010
0.000010 0.180144 0.000010 0.172723 0.370774 0.000010 0.000010 0.192195 0.000010 0.084114
