0.000010 0.054975 0.095074 0.849941
0.525975 0.037827 0.122721 0.313477
0.460627 0.072782 0.004167 0.462425
0.000010 0.050952 0.036099 0.912939
0.461406 0.023994 0.012635 0.501966
0.936179 0.029946 0.000010 0.033864
0.423662 0.000010 0.234732 0.341596
0.000010 0.061767 0.479139 0.459084
0.000010 0.081460 0.178294 0.740236
0.486578 0.038244 0.000010 0.475168
0.965213 0.011199 0.000010 0.023578
0.562876 0.000010 0.000010 0.437104
0.563137 0.034661 0.000010 0.402192
0.357625 0.000010 0.138359 0.504006
0.384116 0.000010 0.227321 0.388553
0.495335 0.053744 0.000010 0.450911
0.854302 0.000010 0.055403 0.090285
0.572876 0.000010 0.000010 0.427104
0.537912 0.076175 0.000010 0.385903
0.045565 0.035855 0.114380 0.804200
0.000010 0.055496 0.000010 0.944484
0.024219 0.075348 0.018596 0.881836
0.000010 0.061361 0.000010 0.938619
0.515131 0.072642 0.011642 0.400584
0.019830 0.087691 0.036422 0.856058
0.017317 0.009099 0.008930 0.964654
0.397900 0.116309 0.045229 0.440562
0.314210 0.000010 0.387147 0.298633
0.538944 0.000010 0.035171 0.425875
0.015672 0.093891 0.000010 0.890427
0.541601 0.064381 0.000010 0.394008
0.541622 0.016239 0.000010 0.442130
0.002142 0.059581 0.000010 0.938267
0.923821 0.035248 0.040921 0.000010
0.000010 0.021200 0.000010 0.978780
0.460223 0.069906 0.014467 0.455404
0.477876 0.019022 0.000010 0.503092
0.000010 0.000010 0.247989 0.751991
0.315883 0.000010 0.000010 0.684097
0.000010 0.318129 0.565089 0.116772
0.466103 0.020732 0.015818 0.497347
0.303841 0.140796 0.555353 0.000010
0.024508 0.038524 0.049579 0.887390
0.000010 0.005892 0.288577 0.705521
0.390137 0.047615 0.536804 0.025444
0.485102 0.026866 0.269326 0.218707
0.438870 0.171532 0.359363 0.030236
0.432807 0.000010 0.244730 0.322453
0.474735 0.005050 0.000010 0.520204
0.314410 0.000010 0.414791 0.270789
0.239661 0.015645 0.558038 0.186657
0.000010 0.096756 0.393529 0.509705
0.333991 0.024517 0.557142 0.084349
0.000010 0.009660 0.341246 0.649085
0.000010 0.000010 0.659160 0.340820
0.019225 0.130360 0.712418 0.137996
0.000010 0.123848 0.618282 0.257860
0.416711 0.110459 0.409667 0.063163
0.327587 0.000010 0.430893 0.241511
0.360594 0.000010 0.639386 0.000010
0.000010 0.138028 0.456911 0.405051
0.364236 0.009437 0.448885 0.177443
0.000010 0.043218 0.545224 0.411549
0.000010 0.031197 0.528479 0.440315
0.000010 0.168270 0.467335 0.364384
0.323657 0.027258 0.647334 0.001752
0.593009 0.009267 0.397714 0.000010
0.000010 0.000010 0.799282 0.200698
0.403725 0.124989 0.445243 0.026043
0.000010 0.000010 0.696674 0.303306
0.358877 0.028233 0.612880 0.000010
0.438651 0.001775 0.559564 0.000010
0.300629 0.068480 0.630881 0.000010
0.000010 0.034804 0.781949 0.183237
0.000010 0.188811 0.605262 0.205917
0.000010 0.003540 0.484692 0.511758
0.000010 0.078569 0.655050 0.266371
0.000010 0.022689 0.710243 0.267058
0.000010 0.084044 0.600051 0.315895
0.264588 0.000010 0.735392 0.000010
0.000010 0.020068 0.456965 0.522957
0.365791 0.000010 0.634189 0.000010
0.478001 0.066261 0.455728 0.000010
0.000010 0.052504 0.292384 0.655102
0.000010 0.000010 0.610180 0.389800
0.569520 0.022297 0.408173 0.000010
0.000010 0.000010 0.723672 0.276308
0.000010 0.085071 0.603251 0.311668
0.337303 0.039003 0.623684 0.000010
0.245070 0.000010 0.205159 0.549762
0.023879 0.072505 0.402008 0.501608
0.015350 0.013065 0.162625 0.808961
0.441991 0.079272 0.024757 0.453981
0.405772 0.125191 0.330037 0.139001
0.561362 0.014942 0.000010 0.423685
0.000010 0.047281 0.172494 0.780214
0.435903 0.073375 0.070303 0.420419
0.027235 0.073496 0.076585 0.822685
0.514372 0.060849 0.112956 0.311823
0.463245 0.000010 0.145497 0.391248
0.527651 0.134853 0.000010 0.337486
0.462127 0.004620 0.000010 0.533243
0.553328 0.032554 0.026456 0.387662
0.000010 0.181920 0.507554 0.310516
0.556406 0.008061 0.435524 0.000010
0.000010 0.000010 0.645952 0.354028
0.000010 0.056673 0.621807 0.321510
0.418178 0.054170 0.508163 0.019489
0.375642 0.000010 0.624338 0.000010
0.000010 0.051360 0.614445 0.334185
0.000010 0.077775 0.678214 0.244002
0.850722 0.000010 0.149258 0.000010
0.009239 0.000010 0.491470 0.499281
0.378346 0.000010 0.502637 0.119007
0.465507 0.024217 0.363700 0.146577
0.000010 0.076832 0.609878 0.313279
0.000010 0.072410 0.595017 0.332564
0.292851 0.000010 0.594838 0.112301
0.000010 0.071466 0.608054 0.320470
0.570897 0.000010 0.429083 0.000010
0.088067 0.045036 0.485998 0.380900
0.000010 0.032489 0.733956 0.233545
0.009226 0.085717 0.412648 0.492410
0.000010 0.036630 0.702313 0.261047
0.275800 0.023528 0.678676 0.021995
0.000010 0.000010 0.688345 0.311635
0.008371 0.048080 0.000010 0.943539
0.000687 0.128539 0.000010 0.870764
0.575545 0.056348 0.001122 0.366985
0.519993 0.006754 0.126292 0.346961
0.446967 0.064620 0.002615 0.485797
0.000010 0.000010 0.255139 0.744841
0.461146 0.077391 0.000010 0.461453
0.334143 0.102598 0.383038 0.180221
0.000010 0.156988 0.768677 0.074325
0.316091 0.036694 0.556171 0.091043
0.019272 0.102707 0.493926 0.384096
0.344069 0.000010 0.562431 0.093489
0.000010 0.224426 0.298057 0.477507
0.000010 0.184615 0.602549 0.212827
0.000010 0.086122 0.742073 0.171795
0.415880 0.019063 0.565047 0.000010
0.394550 0.000010 0.577422 0.028018
0.434988 0.044407 0.212160 0.308444
0.000010 0.040283 0.230770 0.728936
0.000010 0.000010 0.226435 0.773545
0.441801 0.036254 0.138237 0.383708
0.000010 0.052171 0.007250 0.940569
0.000010 0.044798 0.590880 0.364312
0.000010 0.000010 0.278775 0.721205
0.344110 0.000010 0.655870 0.000010
0.262568 0.072004 0.665418 0.000010
0.000010 0.000010 0.788420 0.211560
0.000010 0.106760 0.461504 0.431726
0.273859 0.000010 0.726121 0.000010
0.000010 0.108797 0.478702 0.412491
0.415338 0.006127 0.249147 0.329388
0.000010 0.136935 0.031892 0.831163
0.058466 0.000100 0.062265 0.879169
0.968630 0.031350 0.000010 0.000010
0.000010 0.000010 0.262839 0.737141
0.014153 0.089296 0.000010 0.896541
0.460264 0.104501 0.021942 0.413293
0.018933 0.027776 0.137413 0.815878
0.000010 0.141579 0.201643 0.656768
0.372720 0.000010 0.258161 0.369109
0.989214 0.000010 0.000010 0.010766
0.530319 0.000996 0.000010 0.468675
0.457502 0.086329 0.025980 0.430189
0.461637 0.000010 0.000010 0.538343
0.156014 0.141449 0.702527 0.000010
0.445160 0.000010 0.013842 0.540988
0.005962 0.014900 0.206211 0.772927
0.000010 0.078660 0.713140 0.208190
0.008951 0.047948 0.622442 0.320658
0.489552 0.060111 0.053558 0.396780
0.000010 0.000010 0.254746 0.745234
0.008727 0.050102 0.109469 0.831702
0.569953 0.000010 0.000010 0.430027
0.947639 0.013605 0.000010 0.038746
0.999970 0.000010 0.000010 0.000010
0.000010 0.034942 0.000010 0.965038
0.964057 0.000010 0.035923 0.000010
0.000010 0.070427 0.000010 0.929553
0.332075 0.006085 0.000010 0.661830
0.984046 0.014257 0.000010 0.001687
0.946503 0.000010 0.053477 0.000010
0.413756 0.068026 0.000010 0.518208
0.002267 0.094759 0.004178 0.898796
0.487497 0.143260 0.000010 0.369233
0.657766 0.055266 0.286958 0.000010
0.472286 0.023558 0.000010 0.504146
0.286047 0.000010 0.713933 0.000010
0.496202 0.000010 0.380577 0.123211
0.424276 0.019905 0.317460 0.238360
0.024190 0.040773 0.678540 0.256497
0.908497 0.000010 0.091483 0.000010
0.425754 0.020002 0.000010 0.554234
0.000010 0.044164 0.072309 0.883517
0.404466 0.000010 0.000010 0.595514
0.867903 0.000010 0.132077 0.000010
0.896579 0.000010 0.103401 0.000010
0.011530 0.086903 0.000010 0.901557
0.469138 0.071782 0.000010 0.459070
0.013806 0.043189 0.203759 0.739245
0.927881 0.072099 0.000010 0.000010
0.986617 0.000010 0.000010 0.013363
0.456692 0.052945 0.039704 0.450659
0.491201 0.059610 0.021663 0.427526
0.956280 0.000010 0.000010 0.043700
0.795504 0.000010 0.137929 0.066556
0.040235 0.021945 0.044163 0.893658
0.980930 0.000010 0.019050 0.000010
0.018635 0.029173 0.070537 0.881655
0.361975 0.001692 0.024097 0.612236
0.014757 0.035906 0.057422 0.891915
0.513158 0.078387 0.179978 0.228477
0.420980 0.000010 0.142657 0.436353
0.946655 0.000010 0.000010 0.053325
0.000010 0.169193 0.245446 0.585352
0.423388 0.033190 0.077310 0.466112
0.486334 0.000010 0.051255 0.462401
0.355534 0.000010 0.235196 0.409260
0.439370 0.228448 0.332171 0.000010
0.954069 0.000010 0.000010 0.045911
0.407918 0.034792 0.302759 0.254531
0.000010 0.098254 0.261666 0.640069
0.454699 0.000010 0.203798 0.341493
0.439503 0.000010 0.231672 0.328815
0.504512 0.057176 0.055365 0.382947
0.000010 0.222153 0.172951 0.604886
0.515060 0.031056 0.009008 0.444875
0.000010 0.249458 0.274143 0.476389
0.000010 0.220716 0.271155 0.508119
0.406162 0.230647 0.245087 0.118105
0.089595 0.160866 0.312917 0.436622
0.462560 0.011597 0.284830 0.241013
0.419874 0.132325 0.014289 0.433513
0.381885 0.068853 0.139008 0.410254
0.367701 0.189674 0.339364 0.103261
0.484031 0.121507 0.028897 0.365565
0.422322 0.009905 0.375395 0.192378
0.000010 0.136689 0.473066 0.390236
0.017724 0.239814 0.073177 0.669285
0.038850 0.016176 0.052027 0.892947
0.021894 0.070774 0.089816 0.817517
0.020899 0.028694 0.258622 0.691785
0.000010 0.425096 0.140934 0.433960
0.434084 0.000010 0.450828 0.115078
0.504424 0.180087 0.101417 0.214073
0.833852 0.066958 0.099181 0.000010
0.486263 0.024824 0.003389 0.485523
0.016996 0.161616 0.442821 0.378567
0.421459 0.117014 0.241359 0.220169
0.000010 0.000342 0.495219 0.504428
0.451716 0.106144 0.277766 0.164374
0.000010 0.091256 0.305403 0.603331
0.409319 0.167736 0.348474 0.074471
0.048360 0.049119 0.141556 0.760964
0.082769 0.264833 0.190120 0.462278
0.298587 0.238121 0.342095 0.121197
0.000010 0.132793 0.336616 0.530581
0.404460 0.447332 0.148198 0.000010
0.000010 0.036692 0.213472 0.749826
0.000010 0.137954 0.311555 0.550481
0.000010 0.291637 0.093145 0.615208
0.017056 0.149983 0.147475 0.685487
0.676143 0.036969 0.069998 0.216889
0.399853 0.112797 0.335916 0.151434
0.511637 0.351345 0.104959 0.032059
0.000010 0.598926 0.225501 0.175563
0.000010 0.885523 0.000010 0.114457
0.091570 0.147629 0.035669 0.725132
0.000010 0.094258 0.222764 0.682967
0.000010 0.754940 0.071382 0.173667
0.263018 0.410470 0.141947 0.184566
0.283345 0.420086 0.000010 0.296559
0.126362 0.572237 0.114942 0.186459
0.009178 0.789538 0.102326 0.098959
0.034881 0.712419 0.049510 0.203191
0.000010 0.862055 0.000010 0.137925
0.282679 0.526912 0.119585 0.070824
0.277705 0.488176 0.112330 0.121788
0.165826 0.510076 0.094530 0.229569
0.319813 0.424119 0.085306 0.170761
0.008909 0.508662 0.222329 0.260100
0.115909 0.884071 0.000010 0.000010
0.000010 0.700464 0.204753 0.094773
0.068298 0.708216 0.043740 0.179747
0.652291 0.295420 0.052279 0.000010
0.331695 0.276622 0.293957 0.097725
0.301341 0.266245 0.020839 0.411574
0.135094 0.864886 0.000010 0.000010
0.000010 0.874141 0.125839 0.000010
0.000010 0.913969 0.000010 0.086011
0.331817 0.578947 0.089225 0.000010
0.376873 0.419694 0.176634 0.026798
0.000010 0.638823 0.034290 0.326876
0.558813 0.319174 0.052333 0.069680
0.069470 0.580219 0.076183 0.274128
0.047883 0.155607 0.288892 0.507617
0.433979 0.059780 0.064434 0.441807
0.033349 0.369962 0.265965 0.330724
0.067123 0.488688 0.118932 0.325256
0.917202 0.000010 0.000010 0.082778
0.342851 0.243857 0.156420 0.256872
0.085188 0.165370 0.200642 0.548799
0.461993 0.032309 0.360840 0.144858
0.278641 0.128288 0.156816 0.436255
0.491402 0.076659 0.043790 0.388150
0.101394 0.017249 0.213158 0.668199
0.149108 0.678206 0.172676 0.000010
0.435635 0.529633 0.034722 0.000010
0.408909 0.213944 0.150549 0.226598
0.533320 0.040797 0.000010 0.425873
0.050700 0.405388 0.200763 0.343149
0.132314 0.140947 0.088587 0.638153
0.161209 0.155059 0.188250 0.495482
0.355743 0.406227 0.238020 0.000010
0.429935 0.120992 0.123652 0.325421
0.698168 0.000963 0.300859 0.000010
0.170233 0.254591 0.217407 0.357769
0.035661 0.060376 0.296359 0.607604
0.421607 0.123706 0.156539 0.298149
0.168692 0.037520 0.270240 0.523547
0.011767 0.258471 0.424853 0.304909
0.000010 0.874908 0.000010 0.125072
0.000010 0.140592 0.370342 0.489057
0.049649 0.203447 0.047675 0.699228
0.018970 0.127255 0.006909 0.846865
0.025834 0.000010 0.276888 0.697268
0.972672 0.003704 0.023614 0.000010
0.719578 0.000010 0.280402 0.000010
0.322135 0.453130 0.000010 0.224725
0.004727 0.245042 0.311576 0.438655
0.479890 0.334947 0.104768 0.080395
0.391670 0.388183 0.062275 0.157873
0.396733 0.199138 0.234228 0.169901
0.018175 0.503497 0.102376 0.375952
0.000010 0.430996 0.102588 0.466406
0.535627 0.101623 0.116795 0.245954
0.028701 0.153114 0.165281 0.652904
0.346983 0.221161 0.180952 0.250904
0.402324 0.226169 0.114155 0.257351
0.277292 0.154058 0.089762 0.478888
0.594626 0.090750 0.141702 0.172922
0.259525 0.318204 0.124412 0.297859
0.243222 0.753829 0.002940 0.000010
0.382947 0.586313 0.000010 0.030729
0.536689 0.450249 0.013052 0.000010
0.286425 0.713555 0.000010 0.000010
0.008732 0.638204 0.052756 0.300307
0.020848 0.587906 0.213623 0.177623
0.374284 0.537974 0.065030 0.022712
0.000010 0.575733 0.215044 0.209213
0.337659 0.274951 0.036529 0.350861
0.000010 0.652344 0.295682 0.051965
0.000010 0.235062 0.445588 0.319340
0.490213 0.070209 0.309141 0.130438
0.771898 0.043655 0.184437 0.000010
0.003681 0.191449 0.258139 0.546731
0.016765 0.406073 0.230623 0.346539
0.002331 0.295219 0.000010 0.702440
0.000010 0.109065 0.326035 0.564890
0.435301 0.254100 0.310590 0.000010
0.248594 0.056986 0.164102 0.530318
0.428957 0.047062 0.048468 0.475513
0.441542 0.028540 0.097392 0.432526
0.001771 0.210311 0.345898 0.442020
0.000010 0.086180 0.295255 0.618555
0.366891 0.245393 0.387705 0.000010
0.389583 0.197840 0.346654 0.065923
0.000010 0.142582 0.162040 0.695368
0.886134 0.049899 0.000010 0.063956
0.450838 0.076710 0.178631 0.293822
0.000010 0.541867 0.072107 0.386016
0.000010 0.111444 0.000010 0.888536
0.268205 0.508993 0.222791 0.000010
0.000010 0.170115 0.236363 0.593512
0.053026 0.233969 0.235632 0.477372
0.934957 0.000010 0.000010 0.065023
0.000010 0.171721 0.202864 0.625406
0.408582 0.081269 0.451347 0.058801
0.021095 0.251274 0.319858 0.407773
0.427415 0.280381 0.122532 0.169671
0.323347 0.107579 0.569064 0.000010
0.479515 0.101792 0.280190 0.138502
0.400698 0.328042 0.064165 0.207095
0.314406 0.604711 0.080873 0.000010
0.799927 0.000010 0.200053 0.000010
0.347132 0.137945 0.514914 0.000010
0.051215 0.509495 0.189009 0.250282
0.000010 0.999970 0.000010 0.000010
0.000010 0.894971 0.000010 0.105009
0.000010 0.745225 0.000010 0.254755
0.000010 0.297239 0.305693 0.397058
0.000010 0.485925 0.008005 0.506061
0.000010 0.729385 0.008397 0.262208
0.000010 0.334725 0.304630 0.360635
0.000010 0.069614 0.357077 0.573299
0.000010 0.725083 0.181099 0.093809
0.432044 0.274879 0.217127 0.075949
0.001879 0.501963 0.299546 0.196612
0.000010 0.405509 0.304695 0.289786
0.000010 0.815592 0.007499 0.176899
0.018467 0.068436 0.027730 0.885367
0.006905 0.499671 0.000010 0.493414
0.385061 0.614919 0.000010 0.000010
0.000010 0.537318 0.354043 0.108629
0.000010 0.394119 0.163879 0.441992
0.000010 0.835006 0.000010 0.164974
0.232362 0.767618 0.000010 0.000010
0.000010 0.899386 0.000010 0.100594
0.554970 0.224714 0.039408 0.180907
0.259021 0.297009 0.443960 0.000010
0.177486 0.822494 0.000010 0.000010
0.520239 0.000010 0.215531 0.264220
0.463121 0.016241 0.115875 0.404763
0.496471 0.094740 0.116301 0.292487
0.000010 0.693159 0.025428 0.281403
0.025833 0.540731 0.047622 0.385814
0.000010 0.739847 0.094105 0.166038
0.335559 0.053349 0.278505 0.332587
0.142080 0.218295 0.039557 0.600067
0.176828 0.823152 0.000010 0.000010
0.189394 0.810586 0.000010 0.000010
0.000010 0.582519 0.000010 0.417461
0.000010 0.020562 0.119723 0.859705
0.370081 0.516713 0.007464 0.105742
0.481096 0.145413 0.082678 0.290814
0.000010 0.613453 0.207377 0.179160
0.628646 0.046801 0.324543 0.000010
0.923865 0.022699 0.053426 0.000010
0.000010 0.763365 0.032904 0.203721
0.000010 0.082903 0.000010 0.917077
0.000010 0.360068 0.000010 0.639912
0.000010 0.123720 0.000010 0.876260
0.000010 0.355866 0.177714 0.466409
0.470595 0.079906 0.308225 0.141273
0.000010 0.013090 0.270038 0.716862
0.477904 0.130571 0.154456 0.237069
0.000010 0.002072 0.254066 0.743851
0.406046 0.005423 0.238953 0.349578
0.000010 0.000010 0.545576 0.454404
0.999970 0.000010 0.000010 0.000010
0.474834 0.014390 0.154941 0.355834
0.554256 0.003213 0.011618 0.430912
0.417235 0.000010 0.000010 0.582745
0.000010 0.062626 0.108126 0.829239
0.432747 0.062579 0.000010 0.504664
0.000010 0.045722 0.000010 0.954258
0.618017 0.006805 0.375168 0.000010
0.504300 0.015040 0.118072 0.362588
0.519958 0.000010 0.000010 0.480022
0.841302 0.000010 0.158678 0.000010
0.175542 0.824438 0.000010 0.000010
0.389971 0.560092 0.049927 0.000010
0.410058 0.089442 0.188129 0.312371
0.427289 0.241187 0.331514 0.000010
0.447509 0.033779 0.000010 0.518702
0.839002 0.030442 0.130547 0.000010
0.000010 0.062110 0.000010 0.937870
0.543056 0.040819 0.014643 0.401482
0.459407 0.030950 0.015325 0.494319
0.000010 0.000010 0.073414 0.926566
0.345555 0.000010 0.189242 0.465193
0.418051 0.049020 0.247183 0.285745
0.973329 0.000010 0.000010 0.026651
0.000010 0.102817 0.245911 0.651262
0.440240 0.054432 0.149548 0.355780
0.999970 0.000010 0.000010 0.000010
0.000010 0.154947 0.090399 0.754644
0.505113 0.028152 0.086709 0.380026
0.429751 0.072851 0.088731 0.408667
0.670822 0.000010 0.329158 0.000010
0.420469 0.013714 0.164932 0.400885
0.375145 0.060928 0.563917 0.000010
0.000010 0.123024 0.000010 0.876956
0.599384 0.063325 0.000010 0.337281
0.537018 0.027727 0.005805 0.429450
0.380144 0.000010 0.152593 0.467253
0.000010 0.421969 0.257921 0.320100
0.000010 0.779268 0.007250 0.213472
0.135403 0.864577 0.000010 0.000010
0.000010 0.810257 0.000010 0.189723
0.000010 0.919469 0.000010 0.080511
0.000010 0.877762 0.000010 0.122218
0.000010 0.999970 0.000010 0.000010
0.010165 0.291623 0.090612 0.607600
0.535211 0.017495 0.182481 0.264813
0.463285 0.000010 0.000010 0.536695
0.000010 0.057465 0.000010 0.942515
0.423880 0.124706 0.267021 0.184393
0.999970 0.000010 0.000010 0.000010
0.000010 0.336329 0.166726 0.496935
0.434662 0.199667 0.008438 0.357233
0.460876 0.065233 0.000010 0.473881
0.373117 0.091934 0.518722 0.016228
0.359690 0.111155 0.323314 0.205841
0.339445 0.000010 0.027944 0.632601
0.000010 0.118438 0.011303 0.870249
0.000010 0.883795 0.000010 0.116185
0.543849 0.000010 0.065127 0.391014
0.002049 0.559845 0.295689 0.142416
0.288302 0.694240 0.017448 0.000010
0.978143 0.021837 0.000010 0.000010
0.622239 0.239980 0.125606 0.012174
0.354720 0.178827 0.116180 0.350274
0.169288 0.614050 0.216652 0.000010
0.000010 0.046257 0.485233 0.468501
0.334335 0.149550 0.160526 0.355589
0.744384 0.025383 0.230223 0.000010
0.911071 0.088909 0.000010 0.000010
0.976300 0.000010 0.000010 0.023680
0.509104 0.127168 0.107777 0.255951
0.405954 0.099702 0.415867 0.078477
0.000010 0.097143 0.229339 0.673508
0.472311 0.482032 0.045647 0.000010
0.399966 0.371308 0.200852 0.027873
0.473618 0.186636 0.312939 0.026807
0.000010 0.877093 0.000010 0.122887
0.453111 0.142053 0.000010 0.404826
0.000010 0.946163 0.000010 0.053817
0.000010 0.934581 0.000010 0.065399
0.382789 0.617191 0.000010 0.000010
0.717828 0.175407 0.106755 0.000010
0.616897 0.073165 0.309929 0.000010
0.000010 0.198976 0.478509 0.322505
0.462954 0.068389 0.468647 0.000010
0.331853 0.234966 0.433171 0.000010
0.000010 0.362841 0.261276 0.375873
0.360120 0.051086 0.503387 0.085407
0.000010 0.196597 0.331880 0.471514
0.000010 0.374734 0.191282 0.433974
0.450147 0.357217 0.192626 0.000010
0.415346 0.288630 0.214805 0.081219
0.625738 0.146727 0.227525 0.000010
0.000010 0.068820 0.433918 0.497253
0.333636 0.225888 0.440466 0.000010
0.000010 0.102282 0.634927 0.262782
