0.014435 0.000010 0.000010 0.309201 0.000010 0.020909 0.655425
0.558076 0.000010 0.000010 0.208234 0.082465 0.000010 0.151195
0.456788 0.000010 0.000010 0.008068 0.106057 0.027640 0.401427
0.000010 0.000010 0.075477 0.182879 0.000010 0.021948 0.719666
0.237798 0.000010 0.229196 0.000010 0.057483 0.011700 0.463803
0.969825 0.000010 0.000010 0.000010 0.000010 0.030125 0.000010
0.036614 0.379906 0.357382 0.000010 0.000010 0.000010 0.226068
0.000010 0.000010 0.000010 0.600802 0.115487 0.008332 0.275350
0.000010 0.038996 0.000010 0.212393 0.081179 0.052270 0.615142
0.501662 0.000010 0.000010 0.003575 0.068326 0.031224 0.395193
0.728892 0.000010 0.243483 0.000010 0.000010 0.002139 0.025457
0.268351 0.000010 0.318991 0.022136 0.000010 0.000010 0.390493
0.107890 0.000010 0.433063 0.066949 0.000010 0.001285 0.390793
0.296583 0.316144 0.000010 0.000010 0.000010 0.000010 0.387233
0.276748 0.428245 0.065142 0.000010 0.000010 0.000010 0.229836
0.540233 0.000010 0.000013 0.131555 0.000010 0.016375 0.311804
0.487123 0.000010 0.297979 0.000010 0.113372 0.000010 0.101496
0.244923 0.000010 0.339460 0.000010 0.000010 0.000010 0.415577
0.515039 0.000010 0.025140 0.000010 0.000010 0.080588 0.379203
0.028056 0.000010 0.014465 0.043777 0.177254 0.004673 0.731765
0.000010 0.000010 0.140972 0.015246 0.007709 0.043785 0.792269
0.035345 0.000010 0.009313 0.103573 0.034595 0.048794 0.768369
0.000010 0.000010 0.000010 0.058921 0.050308 0.042037 0.848703
0.587670 0.017757 0.000010 0.000010 0.019827 0.059713 0.315013
0.000012 0.000010 0.095956 0.173853 0.000010 0.049413 0.680745
0.000010 0.000010 0.041516 0.096019 0.026672 0.000010 0.835762
0.331924 0.000010 0.023429 0.000010 0.178794 0.061311 0.404522
0.000010 0.377830 0.250245 0.000010 0.165503 0.000010 0.206392
0.244828 0.000010 0.275921 0.024423 0.065644 0.000010 0.389164
0.000010 0.000010 0.059353 0.129101 0.000010 0.066125 0.745391
0.497736 0.000010 0.050583 0.000010 0.000010 0.064799 0.386852
0.422123 0.000010 0.157453 0.069430 0.000010 0.006068 0.344906
0.122509 0.000010 0.000010 0.000010 0.021622 0.057086 0.798752
0.424121 0.000010 0.497924 0.068769 0.000010 0.009156 0.000010
0.022376 0.000010 0.000010 0.064181 0.000010 0.019248 0.894164
0.181846 0.000010 0.271531 0.050198 0.025512 0.050858 0.420045
0.400430 0.000010 0.089320 0.000010 0.000010 0.025943 0.484276
0.000010 0.409236 0.078917 0.000010 0.000010 0.000010 0.511807
0.396786 0.001993 0.000010 0.022816 0.000010 0.000010 0.578375
0.000010 0.306973 0.030130 0.291280 0.116786 0.254811 0.000010
0.400773 0.013666 0.055695 0.081000 0.000010 0.006898 0.441958
0.000010 0.000010 0.244520 0.649747 0.000010 0.105693 0.000010
0.000010 0.000010 0.216503 0.085213 0.000010 0.004550 0.693705
0.000010 0.490654 0.000010 0.047336 0.000010 0.000010 0.461970
0.020023 0.000010 0.312917 0.419323 0.236267 0.011449 0.000010
0.313165 0.000010 0.193808 0.396329 0.002035 0.006877 0.087776
0.254771 0.007270 0.141120 0.368932 0.099029 0.128869 0.000010
0.000010 0.354569 0.461185 0.000010 0.000010 0.000010 0.184205
0.316642 0.000010 0.167512 0.000010 0.016387 0.000010 0.499429
0.125080 0.000010 0.099661 0.106345 0.440222 0.000010 0.228672
0.045181 0.029050 0.129353 0.284203 0.415899 0.000010 0.096304
0.111213 0.005445 0.000010 0.489788 0.110857 0.052111 0.230577
0.240883 0.362928 0.000010 0.208459 0.187699 0.000010 0.000010
0.000010 0.000010 0.000010 0.349049 0.160309 0.000010 0.490602
0.000010 0.468807 0.000010 0.499863 0.027439 0.000010 0.003861
0.000010 0.000010 0.062250 0.490422 0.390233 0.057065 0.000010
0.000010 0.000010 0.101783 0.777199 0.036912 0.084077 0.000010
0.336180 0.000010 0.000010 0.608964 0.000010 0.054816 0.000010
0.230342 0.000010 0.030206 0.218224 0.362231 0.000010 0.158978
0.000010 0.000010 0.327880 0.361697 0.310384 0.000010 0.000010
0.007324 0.011327 0.000010 0.630185 0.022877 0.104445 0.223832
0.000010 0.000010 0.483527 0.516423 0.000010 0.000010 0.000010
0.000010 0.000010 0.000010 0.706674 0.072590 0.011136 0.209570
0.000010 0.007914 0.000010 0.549399 0.202878 0.000010 0.239780
0.000010 0.010582 0.000010 0.560850 0.090333 0.131353 0.206863
0.196274 0.000010 0.000010 0.321764 0.481923 0.000010 0.000010
0.106608 0.000010 0.432184 0.340000 0.121178 0.000010 0.000010
0.000010 0.386555 0.001522 0.611883 0.000010 0.000010 0.000010
0.304638 0.000010 0.000010 0.526975 0.102676 0.065682 0.000010
0.000010 0.000010 0.000010 0.484410 0.378926 0.000010 0.136623
0.000010 0.359674 0.205790 0.426868 0.000010 0.007638 0.000010
0.000010 0.000010 0.402488 0.304035 0.293437 0.000010 0.000010
0.000010 0.000010 0.258982 0.454569 0.224568 0.061852 0.000010
0.000010 0.366510 0.000010 0.372910 0.260540 0.000010 0.000010
0.000010 0.000010 0.000010 0.828622 0.011058 0.160280 0.000010
0.000010 0.019134 0.000010 0.358774 0.291348 0.000010 0.330714
0.000010 0.380882 0.000010 0.563765 0.000010 0.039075 0.016248
0.013320 0.000010 0.000010 0.386731 0.533703 0.000010 0.066217
0.000010 0.000010 0.000010 0.764933 0.078865 0.044079 0.112092
0.000010 0.000010 0.222872 0.200983 0.576105 0.000010 0.000010
0.000010 0.000010 0.015691 0.567895 0.090902 0.000010 0.325482
0.000010 0.000010 0.283158 0.279691 0.437110 0.000010 0.000010
0.380042 0.289259 0.000010 0.301976 0.000010 0.028694 0.000010
0.000010 0.014287 0.000010 0.276539 0.178695 0.013845 0.516615
0.000010 0.399163 0.005947 0.503046 0.000010 0.000010 0.091814
0.117395 0.000010 0.395551 0.249253 0.237771 0.000010 0.000010
0.000010 0.332394 0.008564 0.659002 0.000010 0.000010 0.000010
0.000010 0.424244 0.000010 0.312359 0.169479 0.030806 0.063091
0.000010 0.000010 0.296755 0.660156 0.043048 0.000010 0.000010
0.249143 0.361918 0.000010 0.011924 0.000010 0.000010 0.376985
0.000010 0.382793 0.308253 0.132896 0.000010 0.044169 0.131869
0.000010 0.000010 0.001601 0.000010 0.259265 0.000010 0.739094
0.190699 0.000010 0.246813 0.036455 0.043820 0.061003 0.421200
0.218042 0.000871 0.194021 0.174459 0.253672 0.089763 0.069172
0.000010 0.000010 0.543822 0.000010 0.000010 0.000010 0.456128
0.034260 0.418007 0.000010 0.000010 0.000010 0.009061 0.538643
0.251794 0.000010 0.176319 0.062279 0.120452 0.037119 0.352027
0.046582 0.000010 0.015901 0.249542 0.000010 0.041765 0.646191
0.108362 0.000010 0.348807 0.000010 0.164964 0.033112 0.344735
0.389700 0.384520 0.000010 0.000010 0.000010 0.000010 0.225741
0.452574 0.000010 0.000010 0.000010 0.168713 0.059957 0.318726
0.534076 0.000010 0.000010 0.000010 0.000010 0.015953 0.449932
0.645969 0.000010 0.000010 0.089473 0.046371 0.000010 0.218156
0.000010 0.000010 0.000010 0.542799 0.184659 0.132312 0.140200
0.318317 0.301099 0.114440 0.125002 0.141121 0.000010 0.000010
0.000010 0.428769 0.070387 0.492561 0.002199 0.000010 0.006064
0.000010 0.000010 0.000010 0.789186 0.082413 0.000102 0.128270
0.301234 0.000010 0.027675 0.424161 0.246901 0.000010 0.000010
0.000010 0.000010 0.336067 0.334656 0.329237 0.000010 0.000010
0.000010 0.000010 0.161712 0.791564 0.000010 0.036809 0.009885
0.000010 0.019613 0.004988 0.559427 0.247470 0.052419 0.116073
0.472672 0.007063 0.324721 0.057818 0.137706 0.000010 0.000010
0.064341 0.000010 0.000010 0.732342 0.000010 0.000010 0.203277
0.277821 0.000010 0.047747 0.433498 0.238715 0.000010 0.002200
0.437439 0.000010 0.000010 0.562511 0.000010 0.000010 0.000010
0.002009 0.000010 0.000010 0.694056 0.147950 0.031700 0.124264
0.000010 0.000010 0.105856 0.849120 0.000010 0.028606 0.016388
0.068894 0.358279 0.150753 0.173698 0.248356 0.000010 0.000010
0.000010 0.000010 0.000010 0.659499 0.200196 0.021978 0.118297
0.142360 0.000010 0.379521 0.144600 0.333489 0.000010 0.000010
0.080012 0.011520 0.084481 0.669849 0.007181 0.022768 0.124189
0.000010 0.325556 0.000010 0.674394 0.000010 0.000010 0.000010
0.162775 0.000010 0.000010 0.559406 0.103343 0.009675 0.164781
0.000010 0.000010 0.003494 0.322793 0.554476 0.000010 0.119206
0.000010 0.000010 0.191635 0.776805 0.031519 0.000010 0.000010
0.000010 0.000010 0.000010 0.453301 0.415532 0.000010 0.131127
0.023433 0.014401 0.000010 0.000010 0.000010 0.052981 0.909155
0.000010 0.000010 0.039078 0.081710 0.000010 0.111881 0.767300
0.613756 0.004694 0.000010 0.010027 0.064399 0.030695 0.276419
0.513753 0.000010 0.000010 0.235578 0.020937 0.000010 0.229701
0.080538 0.000010 0.363268 0.096674 0.000010 0.037072 0.422429
0.000010 0.457090 0.000010 0.000026 0.000010 0.000010 0.542843
0.480939 0.000010 0.000010 0.055313 0.057971 0.033308 0.372449
0.329852 0.477079 0.000010 0.053800 0.106226 0.033024 0.000010
0.000010 0.764716 0.000010 0.000010 0.215189 0.020055 0.000010
0.143061 0.017698 0.146737 0.400723 0.291761 0.000010 0.000010
0.047016 0.000010 0.000010 0.647285 0.049648 0.070802 0.185228
0.172218 0.315022 0.078000 0.179205 0.255534 0.000010 0.000010
0.000010 0.008058 0.000010 0.021588 0.450252 0.141573 0.378508
0.000010 0.012432 0.000010 0.411695 0.357083 0.134917 0.083853
0.000010 0.000010 0.000010 0.156206 0.765683 0.040136 0.037945
0.269932 0.292900 0.000010 0.420179 0.016959 0.000010 0.000010
0.279400 0.000010 0.000010 0.395742 0.324818 0.000010 0.000010
0.233739 0.386022 0.200837 0.000010 0.000010 0.015575 0.163807
0.000010 0.342452 0.216158 0.022220 0.000010 0.004777 0.414372
0.000010 0.469814 0.000010 0.000010 0.000010 0.000010 0.530136
0.374681 0.303198 0.088655 0.000010 0.000010 0.012625 0.220821
0.094754 0.000010 0.000010 0.084895 0.047122 0.022027 0.751182
0.000010 0.000010 0.000010 0.457508 0.338249 0.000010 0.204203
0.000010 0.000010 0.000010 0.186240 0.224189 0.000010 0.589531
0.050998 0.000010 0.226517 0.397087 0.325368 0.000010 0.000010
0.000010 0.000010 0.203432 0.483418 0.302778 0.010343 0.000010
0.000010 0.000010 0.000010 0.481576 0.436407 0.000010 0.081977
0.059963 0.000010 0.000010 0.689459 0.000010 0.052900 0.197648
0.144387 0.000010 0.000010 0.274969 0.580604 0.000010 0.000010
0.000010 0.000010 0.082027 0.442828 0.172447 0.076138 0.226540
0.000010 0.000010 0.527852 0.000010 0.216734 0.000010 0.255374
0.000010 0.000010 0.072138 0.152618 0.008111 0.099650 0.667464
0.000010 0.000010 0.116551 0.079962 0.078028 0.000010 0.725429
0.636531 0.000010 0.330314 0.024448 0.000010 0.008676 0.000010
0.000010 0.428804 0.000010 0.043678 0.000010 0.000010 0.527478
0.097926 0.000010 0.000010 0.055298 0.000010 0.076296 0.770450
0.116467 0.000010 0.300303 0.019577 0.049069 0.076124 0.438450
0.000010 0.000010 0.234429 0.141066 0.034313 0.000010 0.590163
0.013343 0.000010 0.000010 0.299560 0.083884 0.101532 0.501661
0.433584 0.005101 0.000010 0.348291 0.052813 0.000010 0.160190
0.471887 0.000010 0.528063 0.000010 0.000010 0.000010 0.000010
0.536839 0.000010 0.070555 0.077107 0.000010 0.000010 0.315469
0.392081 0.000010 0.019212 0.026063 0.119052 0.044429 0.399151
0.397958 0.000010 0.059166 0.000010 0.000010 0.000010 0.542836
0.000010 0.726525 0.092605 0.000010 0.125291 0.055549 0.000010
0.209932 0.010699 0.263941 0.004404 0.015046 0.000010 0.495968
0.000010 0.000010 0.000010 0.000010 0.332711 0.000010 0.667239
0.000010 0.335794 0.000010 0.183629 0.466890 0.013657 0.000010
0.000010 0.000010 0.129095 0.870855 0.000010 0.000010 0.000010
0.533203 0.000010 0.000010 0.127752 0.044929 0.022369 0.271727
0.000010 0.443498 0.071995 0.009849 0.000010 0.000010 0.474627
0.002970 0.000010 0.019948 0.213281 0.045883 0.030487 0.687421
0.467137 0.000010 0.083679 0.000010 0.034429 0.000010 0.414726
0.672503 0.000010 0.256722 0.000010 0.006719 0.000010 0.064026
0.889722 0.000010 0.110228 0.000010 0.000010 0.000010 0.000010
0.030554 0.000010 0.000010 0.015267 0.049993 0.020064 0.884102
0.533587 0.000010 0.404504 0.061869 0.000010 0.000010 0.000010
0.184447 0.000010 0.000010 0.012959 0.000010 0.070928 0.731636
0.262886 0.000010 0.058709 0.005184 0.076870 0.000010 0.596331
0.826353 0.000010 0.160684 0.000010 0.000010 0.012923 0.000010
0.057045 0.000010 0.942905 0.000010 0.000010 0.000010 0.000010
0.435785 0.000010 0.000010 0.000010 0.000010 0.071289 0.492886
0.000010 0.000010 0.125925 0.126083 0.000010 0.052503 0.695460
0.290646 0.001791 0.243932 0.000010 0.000010 0.125799 0.337811
0.187856 0.000010 0.434783 0.292398 0.082270 0.002672 0.000010
0.195704 0.000010 0.279350 0.000010 0.000010 0.015167 0.509749
0.100129 0.744735 0.000010 0.074106 0.081000 0.000010 0.000010
0.000010 0.570996 0.428954 0.000010 0.000010 0.000010 0.000010
0.317426 0.000010 0.119188 0.445833 0.022668 0.000010 0.094866
0.000010 0.000010 0.175740 0.591405 0.224345 0.007255 0.001235
0.578298 0.000010 0.299107 0.062274 0.060291 0.000010 0.000010
0.417683 0.000010 0.000010 0.000010 0.040992 0.013784 0.527512
0.000010 0.000010 0.145960 0.120775 0.030092 0.014323 0.688830
0.471805 0.006794 0.000010 0.018797 0.001018 0.000010 0.501567
0.643645 0.189007 0.167308 0.000010 0.000010 0.000010 0.000010
0.800085 0.199865 0.000010 0.000010 0.000010 0.000010 0.000010
0.000010 0.000010 0.054329 0.122071 0.000010 0.062533 0.761037
0.450607 0.007908 0.000416 0.037917 0.047161 0.039543 0.416449
0.000010 0.000010 0.069801 0.371423 0.008562 0.021839 0.528354
0.699383 0.000010 0.225397 0.000010 0.003775 0.053871 0.017554
0.761685 0.000010 0.132678 0.000010 0.105597 0.000010 0.000010
0.243356 0.000010 0.182283 0.009884 0.112192 0.012800 0.439475
0.285314 0.000010 0.116392 0.000010 0.175539 0.011957 0.410778
0.550128 0.000010 0.381404 0.016212 0.000010 0.000010 0.052226
0.688478 0.295612 0.000010 0.000010 0.011375 0.000010 0.004505
0.011363 0.007972 0.036222 0.108996 0.028502 0.000010 0.806936
0.851773 0.000010 0.075480 0.000010 0.072707 0.000010 0.000010
0.000010 0.000010 0.330407 0.087856 0.000010 0.000010 0.581697
0.238910 0.003037 0.107757 0.037784 0.038202 0.000010 0.574301
0.000010 0.000010 0.082383 0.167670 0.000010 0.018211 0.731707
0.424005 0.011386 0.068301 0.191086 0.115544 0.040738 0.148940
0.000010 0.000010 0.396175 0.000010 0.165219 0.000010 0.438566
0.446420 0.000010 0.463757 0.000010 0.000010 0.000010 0.089783
0.040829 0.478221 0.000010 0.000010 0.000010 0.129330 0.351590
0.130368 0.000010 0.317144 0.133030 0.000010 0.024043 0.395394
0.244506 0.000010 0.255212 0.141207 0.000010 0.000010 0.359045
0.370058 0.438053 0.000010 0.000010 0.000010 0.000010 0.191849
0.270011 0.000010 0.092432 0.399633 0.054326 0.183577 0.000010
0.983402 0.000010 0.000010 0.000010 0.000010 0.000010 0.016548
0.343273 0.008434 0.025001 0.284565 0.184551 0.000010 0.154166
0.000010 0.000010 0.000010 0.304688 0.141346 0.051480 0.502456
0.204286 0.000010 0.247577 0.298111 0.000010 0.000010 0.249996
0.258915 0.429448 0.116982 0.000010 0.000010 0.000010 0.194626
0.287955 0.030085 0.210577 0.033532 0.040353 0.041079 0.356419
0.000010 0.023069 0.017691 0.224430 0.065348 0.187525 0.481927
0.422410 0.000010 0.109391 0.073961 0.041312 0.011878 0.341037
0.000010 0.004898 0.192890 0.137891 0.183091 0.204533 0.276687
0.000010 0.375657 0.089796 0.051404 0.000010 0.202542 0.280582
0.339102 0.312974 0.001044 0.000010 0.111349 0.184813 0.050709
0.000010 0.462931 0.135962 0.052737 0.000010 0.131739 0.216611
0.212145 0.356185 0.220038 0.075045 0.009668 0.003928 0.122991
0.390507 0.000010 0.048296 0.068055 0.032964 0.096168 0.364000
0.413513 0.000010 0.000010 0.141498 0.169297 0.009650 0.266021
0.238409 0.421980 0.057158 0.000010 0.132110 0.150323 0.000010
0.507975 0.000010 0.000010 0.137788 0.018167 0.080716 0.255334
0.114554 0.408723 0.226675 0.000010 0.159025 0.000010 0.091002
0.000010 0.881522 0.000010 0.000010 0.059497 0.058941 0.000010
0.054676 0.000010 0.000010 0.232474 0.000010 0.201061 0.511759
0.086345 0.000010 0.000010 0.105988 0.050270 0.000010 0.757366
0.000010 0.000010 0.112529 0.214154 0.000010 0.028925 0.644363
0.026839 0.000010 0.000010 0.294655 0.128122 0.000010 0.550354
0.000010 0.000010 0.000010 0.147762 0.121464 0.374763 0.355981
0.000010 0.398955 0.471100 0.080161 0.049754 0.000010 0.000010
0.244256 0.012758 0.271570 0.198412 0.000010 0.138482 0.134511
0.767718 0.000010 0.000010 0.144054 0.081597 0.006600 0.000010
0.308669 0.000010 0.197662 0.112983 0.000010 0.000445 0.380221
0.000010 0.000010 0.221461 0.193937 0.355678 0.083340 0.145564
0.382739 0.011356 0.000010 0.000010 0.387071 0.045643 0.173170
0.000010 0.371892 0.000010 0.399187 0.000010 0.000010 0.228881
0.485493 0.321547 0.000010 0.032231 0.123003 0.037706 0.000010
0.000010 0.508219 0.000010 0.012045 0.050383 0.057373 0.371961
0.218820 0.317006 0.111355 0.000010 0.247446 0.105354 0.000010
0.000010 0.074023 0.162953 0.127489 0.024852 0.028399 0.582274
0.000010 0.062212 0.077925 0.046957 0.208205 0.209874 0.394817
0.151751 0.082685 0.122191 0.137421 0.254395 0.187519 0.064037
0.000010 0.294196 0.000010 0.000010 0.245139 0.083054 0.377581
0.030504 0.000010 0.399728 0.000010 0.167596 0.402142 0.000010
0.000010 0.000010 0.020164 0.359095 0.020994 0.011851 0.587876
0.000010 0.000010 0.000010 0.209616 0.286998 0.086046 0.417310
0.000010 0.013076 0.037894 0.109676 0.082501 0.251071 0.505773
0.004659 0.017675 0.000010 0.000010 0.251749 0.091522 0.634375
0.385635 0.042789 0.257147 0.000010 0.072725 0.017468 0.224225
0.318448 0.007842 0.066883 0.359867 0.146862 0.067829 0.032270
0.000010 0.000010 0.599706 0.065425 0.000010 0.333503 0.001336
0.000010 0.415665 0.032097 0.000010 0.000010 0.552199 0.000010
0.000010 0.000010 0.000010 0.078525 0.000010 0.829198 0.092237
0.168758 0.019841 0.000010 0.080388 0.045436 0.116761 0.568806
0.000010 0.000010 0.062771 0.300312 0.071903 0.060650 0.504344
0.000010 0.000010 0.159289 0.094075 0.000010 0.714323 0.032283
0.130097 0.056673 0.143238 0.087577 0.078390 0.371580 0.132446
0.327764 0.009244 0.000010 0.000199 0.063482 0.374897 0.224403
0.004587 0.071622 0.140864 0.068633 0.053311 0.529579 0.131405
0.000010 0.037859 0.100173 0.118209 0.000010 0.743729 0.000010
0.027736 0.012352 0.016702 0.016154 0.090699 0.671526 0.164832
0.000010 0.009014 0.000010 0.000010 0.000010 0.834388 0.156559
0.216128 0.075338 0.080677 0.077492 0.048207 0.484681 0.017477
0.205413 0.058099 0.064413 0.052569 0.082876 0.445327 0.091302
0.088736 0.002852 0.094058 0.085429 0.074513 0.470291 0.184122
0.195657 0.026147 0.122495 0.085902 0.058974 0.381831 0.128993
0.000010 0.018917 0.077187 0.104570 0.164630 0.465845 0.168840
0.093395 0.000010 0.050485 0.000010 0.000010 0.856080 0.000010
0.000010 0.333870 0.000010 0.000010 0.000010 0.666080 0.000010
0.086982 0.034819 0.000010 0.000010 0.065953 0.660308 0.151918
0.547358 0.013833 0.065419 0.060140 0.062096 0.251144 0.000010
0.143751 0.305427 0.180522 0.006570 0.115477 0.242567 0.005687
0.255704 0.037124 0.051692 0.000010 0.025902 0.246706 0.382862
0.158895 0.000010 0.000010 0.000010 0.049765 0.791300 0.000010
0.000010 0.187174 0.000010 0.000010 0.000010 0.812776 0.000010
0.000010 0.000010 0.000010 0.000010 0.038686 0.852394 0.108880
0.316438 0.093122 0.000010 0.046003 0.000010 0.544407 0.000010
0.246092 0.254854 0.096804 0.000010 0.000010 0.402219 0.000010
0.025083 0.000010 0.000010 0.079067 0.035600 0.597419 0.262811
0.425510 0.000010 0.086482 0.000010 0.147955 0.265738 0.074295
0.091833 0.032031 0.000010 0.061028 0.078539 0.533625 0.202935
0.000010 0.418315 0.063665 0.084763 0.000010 0.138400 0.294836
0.278489 0.036890 0.172638 0.103420 0.000166 0.044158 0.364238
0.024114 0.300127 0.000010 0.000010 0.168930 0.313594 0.193215
0.000010 0.139965 0.152824 0.032619 0.000010 0.464186 0.210386
0.608552 0.000010 0.255620 0.000010 0.000010 0.000010 0.135788
0.120677 0.169646 0.247474 0.047201 0.010438 0.225633 0.178931
0.033935 0.000117 0.076280 0.168074 0.155014 0.127440 0.439140
0.218016 0.451891 0.197930 0.000010 0.089662 0.014647 0.027844
0.199051 0.036770 0.106343 0.178189 0.060683 0.100953 0.318011
0.150115 0.034175 0.347600 0.037029 0.000010 0.064609 0.366460
0.000010 0.032385 0.161569 0.262590 0.022887 0.000010 0.520548
0.030622 0.236139 0.097387 0.000010 0.000010 0.635822 0.000010
0.000010 0.000010 0.473766 0.028972 0.000010 0.497222 0.000010
0.106848 0.033739 0.299694 0.136792 0.039646 0.187398 0.195884
0.243692 0.000010 0.255012 0.000010 0.010952 0.031323 0.459001
0.063934 0.401909 0.000010 0.000010 0.000010 0.373407 0.160720
0.007545 0.063984 0.160528 0.093286 0.015158 0.120921 0.538578
0.226593 0.022736 0.000010 0.224114 0.090739 0.115365 0.320443
0.114130 0.245412 0.191978 0.000010 0.086245 0.362215 0.000010
0.161367 0.000010 0.250092 0.098310 0.087027 0.091878 0.311316
0.105931 0.353011 0.488970 0.000010 0.052057 0.000010 0.000010
0.170039 0.014403 0.000010 0.177408 0.165510 0.209374 0.263256
0.084501 0.304858 0.000010 0.213048 0.000010 0.038160 0.359412
0.178872 0.000010 0.250789 0.028675 0.172238 0.094547 0.274868
0.114085 0.394834 0.042240 0.039755 0.040203 0.022995 0.345888
0.000010 0.559368 0.000010 0.000010 0.206458 0.185969 0.048174
0.000010 0.000010 0.014409 0.000010 0.006713 0.843859 0.134989
0.052007 0.510688 0.000010 0.054192 0.081708 0.092043 0.209352
0.000010 0.039665 0.143316 0.061644 0.000010 0.181194 0.574160
0.010614 0.000010 0.000010 0.012293 0.082001 0.096945 0.798126
0.088832 0.446350 0.000010 0.000010 0.060068 0.000010 0.404720
0.747547 0.000010 0.173431 0.078982 0.000010 0.000010 0.000010
0.588929 0.262069 0.000010 0.000010 0.148962 0.000010 0.000010
0.204315 0.012437 0.115825 0.000010 0.000010 0.430660 0.236743
0.000010 0.000010 0.000010 0.077116 0.415248 0.157799 0.349807
0.178222 0.000010 0.263959 0.000010 0.205419 0.273741 0.078639
0.176059 0.000010 0.237144 0.089779 0.042187 0.346283 0.108537
0.257181 0.367420 0.131938 0.000010 0.000010 0.177481 0.065960
0.000010 0.021784 0.175963 0.043949 0.055746 0.463324 0.239224
0.000010 0.023542 0.023375 0.177952 0.011911 0.397421 0.365789
0.146803 0.000010 0.354612 0.102125 0.090121 0.065692 0.240637
0.000010 0.000010 0.113041 0.293857 0.000010 0.126016 0.467056
0.098522 0.044871 0.228907 0.033864 0.177695 0.178857 0.237284
0.302522 0.000010 0.077062 0.067183 0.154987 0.174489 0.223747
0.185801 0.000010 0.077270 0.069938 0.135203 0.109211 0.422567
0.201876 0.007337 0.326750 0.048470 0.162518 0.049806 0.203243
0.117973 0.000010 0.100804 0.067730 0.176160 0.261908 0.275415
0.119486 0.012403 0.144204 0.002372 0.001913 0.719612 0.000010
0.241580 0.000010 0.123412 0.000010 0.068807 0.528353 0.037829
0.309945 0.000010 0.213116 0.000010 0.063787 0.413122 0.000010
0.333212 0.003861 0.000010 0.000010 0.002252 0.660645 0.000010
0.033314 0.013632 0.000010 0.000010 0.152903 0.570714 0.229416
0.061028 0.395825 0.000010 0.000010 0.000010 0.542838 0.000279
0.263290 0.004404 0.042831 0.000010 0.189592 0.462339 0.037534
0.000010 0.000010 0.082614 0.000010 0.273895 0.516805 0.126656
0.335431 0.000010 0.000010 0.071034 0.092884 0.216109 0.284523
0.000010 0.309097 0.000010 0.111737 0.000010 0.579126 0.000010
0.000010 0.006047 0.226345 0.310797 0.215876 0.180457 0.060468
0.000010 0.000010 0.525082 0.000010 0.365416 0.000010 0.109462
0.277083 0.000010 0.484085 0.121740 0.095108 0.021965 0.000010
0.001653 0.365863 0.000010 0.000010 0.110930 0.143446 0.378089
0.000010 0.000010 0.108597 0.213433 0.115738 0.352395 0.209818
0.122054 0.000010 0.000010 0.034122 0.033225 0.261596 0.548981
0.000010 0.000010 0.080500 0.097753 0.341699 0.051754 0.428273
0.253825 0.000010 0.153995 0.029363 0.368531 0.194266 0.000010
0.019963 0.000010 0.246312 0.272358 0.000010 0.030486 0.430860
0.000010 0.005410 0.551717 0.007406 0.000010 0.044931 0.390515
0.279281 0.000010 0.141019 0.031020 0.167502 0.000010 0.381159
0.000010 0.015818 0.116133 0.000010 0.472539 0.119534 0.275955
0.000010 0.000010 0.227487 0.379157 0.000010 0.058471 0.334855
0.000010 0.316084 0.422296 0.000010 0.065373 0.196216 0.000010
0.070336 0.000010 0.194452 0.000010 0.595881 0.072776 0.066535
0.000010 0.000010 0.000010 0.000010 0.312163 0.058236 0.629561
0.478280 0.000010 0.355449 0.000010 0.001486 0.036498 0.128268
0.250629 0.000010 0.190334 0.255280 0.049811 0.043624 0.210313
0.000010 0.000010 0.000010 0.087224 0.096511 0.490898 0.325337
0.000010 0.000010 0.000010 0.140005 0.000010 0.097885 0.762070
0.000010 0.000010 0.291300 0.113533 0.141982 0.453155 0.000010
0.000010 0.002419 0.169923 0.329959 0.000010 0.143698 0.353981
0.000010 0.000010 0.199389 0.009819 0.266969 0.184741 0.339061
0.526875 0.000010 0.374004 0.000010 0.033939 0.000010 0.065152
0.000010 0.016688 0.037673 0.213099 0.111158 0.133167 0.488204
0.148555 0.350357 0.134293 0.000010 0.352779 0.013995 0.000010
0.000010 0.000010 0.125215 0.142695 0.256567 0.199984 0.275520
0.361564 0.155702 0.063030 0.022500 0.055114 0.253149 0.088941
0.000010 0.719470 0.243979 0.000010 0.000010 0.036511 0.000010
0.465789 0.000010 0.000010 0.006005 0.430836 0.025926 0.071424
0.327008 0.000010 0.048127 0.056323 0.109034 0.278697 0.180802
0.000010 0.000010 0.329442 0.115677 0.000010 0.554841 0.000010
0.093847 0.000010 0.628187 0.000010 0.242997 0.000010 0.034939
0.000010 0.302305 0.303175 0.079218 0.225421 0.089862 0.000010
0.000010 0.000010 0.246552 0.223668 0.002295 0.467197 0.060268
0.000010 0.000010 0.000010 0.001755 0.000010 0.998195 0.000010
0.000010 0.000010 0.000010 0.000010 0.000010 0.873437 0.126513
0.000010 0.000010 0.000010 0.069739 0.000010 0.710421 0.219801
0.000010 0.349104 0.000010 0.000010 0.165324 0.245564 0.239978
0.059290 0.020175 0.000010 0.000010 0.102780 0.427015 0.390720
0.000010 0.000010 0.036634 0.118037 0.000010 0.676278 0.169021
0.000010 0.000010 0.020000 0.117331 0.302802 0.284859 0.274988
0.000010 0.388899 0.000010 0.000010 0.151303 0.048826 0.410942
0.000010 0.325941 0.000010 0.000010 0.000010 0.674009 0.000010
0.338893 0.000010 0.013535 0.000010 0.372757 0.187732 0.087063
0.000010 0.441217 0.046095 0.066883 0.000010 0.445775 0.000010
0.000010 0.384148 0.000010 0.087903 0.008377 0.381344 0.138207
0.000010 0.000010 0.124701 0.014755 0.000010 0.783715 0.076800
0.000010 0.015026 0.124121 0.098644 0.000010 0.045603 0.716586
0.099758 0.000010 0.000010 0.000010 0.000010 0.478259 0.421942
0.426197 0.000010 0.000010 0.000010 0.018566 0.555197 0.000010
0.000010 0.580107 0.000010 0.000010 0.000010 0.419843 0.000010
0.000010 0.000010 0.073470 0.212236 0.050315 0.347349 0.316610
0.000010 0.000010 0.003764 0.037367 0.000010 0.802501 0.156338
0.059168 0.000010 0.208903 0.000010 0.000010 0.731889 0.000010
0.093899 0.000010 0.000010 0.000010 0.000010 0.866299 0.039762
0.378894 0.005497 0.198933 0.118613 0.000010 0.184363 0.113690
0.000010 0.630642 0.171003 0.000010 0.000010 0.198315 0.000010
0.198640 0.000010 0.009507 0.000010 0.000010 0.791813 0.000010
0.209977 0.429276 0.241241 0.000010 0.000010 0.000010 0.119475
0.213860 0.000018 0.257429 0.206561 0.000010 0.000010 0.322112
0.131921 0.000010 0.383289 0.142087 0.020985 0.064396 0.257312
0.000010 0.000010 0.008824 0.028886 0.088426 0.645921 0.227923
0.000010 0.000010 0.113207 0.044277 0.101957 0.479789 0.260750
0.000010 0.000010 0.000010 0.000010 0.190676 0.676039 0.133245
0.241169 0.000010 0.052819 0.234442 0.208863 0.008798 0.253899
0.229068 0.000010 0.000010 0.103081 0.057622 0.169890 0.440319
0.135617 0.000010 0.068653 0.000010 0.000010 0.795690 0.000010
0.183755 0.000010 0.034412 0.000010 0.000010 0.781793 0.000010
0.167408 0.000010 0.000010 0.000010 0.021382 0.541778 0.269402
0.037799 0.000010 0.000010 0.290487 0.000010 0.000010 0.671673
0.376698 0.000010 0.000010 0.000010 0.107861 0.453206 0.062206
0.186895 0.000010 0.270917 0.071485 0.081953 0.106272 0.282468
0.000010 0.000010 0.212181 0.107076 0.121217 0.559495 0.000010
0.106389 0.330918 0.454879 0.000010 0.066647 0.041147 0.000010
0.795058 0.000010 0.053550 0.000010 0.151352 0.000010 0.000010
0.000010 0.000010 0.106323 0.121829 0.000010 0.689998 0.081820
0.000010 0.000010 0.072463 0.093870 0.000010 0.063637 0.770001
0.008807 0.012357 0.000010 0.000010 0.014410 0.345331 0.619076
0.119967 0.000010 0.000010 0.159155 0.000010 0.091325 0.629523
0.000010 0.000010 0.000010 0.000010 0.313989 0.290471 0.395500
0.159692 0.425290 0.291695 0.000010 0.038495 0.056757 0.028061
0.000010 0.371054 0.000010 0.130974 0.000010 0.000010 0.497933
0.000010 0.000010 0.465849 0.059974 0.101543 0.114303 0.258311
0.000010 0.475116 0.000010 0.000010 0.000010 0.000010 0.524834
0.163791 0.356981 0.208834 0.000010 0.017669 0.000010 0.252705
0.000010 0.413593 0.244602 0.043352 0.199486 0.000010 0.098948
0.536507 0.000010 0.439930 0.023523 0.000010 0.000010 0.000010
0.000010 0.000010 0.474584 0.005506 0.146424 0.000010 0.373456
0.223330 0.000010 0.312468 0.089510 0.000010 0.000010 0.374663
0.123081 0.000010 0.274807 0.000010 0.000010 0.000010 0.602072
0.000010 0.000836 0.037898 0.218649 0.022040 0.044286 0.676282
0.483510 0.000010 0.000010 0.024817 0.000010 0.053074 0.438569
0.000010 0.000010 0.091252 0.125950 0.000010 0.022145 0.760622
0.425979 0.260182 0.000010 0.000010 0.313798 0.000010 0.000010
0.246511 0.004259 0.222540 0.073414 0.145600 0.000010 0.307666
0.323972 0.000010 0.229792 0.027328 0.000010 0.000010 0.418877
0.677753 0.322197 0.000010 0.000010 0.000010 0.000010 0.000010
0.000010 0.000010 0.209446 0.000010 0.000010 0.790504 0.000010
0.000010 0.000010 0.408751 0.092804 0.000010 0.498405 0.000010
0.377392 0.000010 0.000010 0.182645 0.175778 0.037212 0.226953
0.223710 0.000010 0.156362 0.066008 0.376754 0.177146 0.000010
0.256097 0.000010 0.238970 0.000010 0.000010 0.028671 0.476231
0.592329 0.000010 0.159335 0.087732 0.160574 0.000010 0.000010
0.018402 0.000010 0.000010 0.139911 0.000010 0.031072 0.810584
0.386577 0.015612 0.187776 0.078494 0.000010 0.020317 0.311214
0.199654 0.000010 0.251129 0.107971 0.000010 0.004479 0.436747
0.000425 0.000010 0.000010 0.185501 0.015364 0.000010 0.798680
0.262773 0.386762 0.016703 0.000010 0.000014 0.000010 0.333728
0.049435 0.327653 0.342814 0.000010 0.050459 0.020197 0.209431
0.615498 0.000010 0.346595 0.018399 0.000010 0.000010 0.019478
0.000010 0.468652 0.003018 0.001466 0.000010 0.083574 0.443270
0.183605 0.000010 0.261618 0.251874 0.000010 0.031239 0.271644
0.999940 0.000010 0.000010 0.000010 0.000010 0.000010 0.000010
0.020987 0.027366 0.000010 0.107517 0.078182 0.121390 0.644548
0.000010 0.000010 0.608233 0.094682 0.000010 0.000010 0.297045
0.442921 0.000010 0.025247 0.188228 0.035666 0.047329 0.260600
0.440089 0.326377 0.096423 0.112522 0.024569 0.000010 0.000010
0.299706 0.000010 0.113101 0.289527 0.000010 0.000010 0.297636
0.068460 0.374208 0.178222 0.363044 0.000010 0.016046 0.000010
0.000010 0.000010 0.030609 0.098248 0.000010 0.106703 0.764410
0.329650 0.000010 0.280476 0.075487 0.000010 0.034877 0.279491
0.191645 0.000010 0.331216 0.029796 0.000010 0.017608 0.429715
0.000010 0.000010 0.463999 0.000010 0.158154 0.000010 0.377808
0.032095 0.520846 0.000010 0.000010 0.000010 0.367078 0.079950
0.000010 0.000010 0.000010 0.000010 0.104135 0.736489 0.159336
0.000010 0.000010 0.179015 0.000010 0.000010 0.820935 0.000010
0.045115 0.000010 0.000010 0.093581 0.000010 0.762145 0.099128
0.000010 0.000010 0.000010 0.000010 0.040518 0.862182 0.097260
0.000010 0.000010 0.000010 0.000010 0.054530 0.832791 0.112640
0.000010 0.000010 0.020835 0.054783 0.000010 0.924343 0.000010
0.077914 0.000010 0.000010 0.238796 0.010776 0.244729 0.427764
0.453739 0.360747 0.099442 0.000010 0.000010 0.000010 0.086042
0.345857 0.000010 0.112085 0.000010 0.000010 0.001975 0.540053
0.024358 0.000010 0.000010 0.000010 0.129633 0.010631 0.835349
0.078697 0.000010 0.324104 0.080409 0.260138 0.070720 0.185921
0.759382 0.000010 0.240568 0.000010 0.000010 0.000010 0.000010
0.024134 0.000010 0.000010 0.063389 0.212901 0.291734 0.407822
0.421524 0.000010 0.000010 0.000010 0.153592 0.129609 0.295244
0.348392 0.000010 0.038924 0.000010 0.105591 0.031610 0.475463
0.000010 0.315855 0.282527 0.000010 0.378234 0.023354 0.000010
0.000010 0.000010 0.368518 0.000010 0.391760 0.048710 0.190982
0.230718 0.000010 0.085950 0.028916 0.065020 0.000010 0.589376
0.000010 0.000010 0.000010 0.034546 0.111689 0.068388 0.785348
0.000010 0.000010 0.000010 0.096393 0.000010 0.845247 0.058319
0.187830 0.000010 0.346382 0.066567 0.019272 0.000010 0.379929
0.000010 0.361866 0.000010 0.000010 0.130906 0.505293 0.001906
0.000010 0.000010 0.344923 0.039609 0.000010 0.615428 0.000010
0.621760 0.000010 0.311421 0.000010 0.066780 0.000010 0.000010
0.397152 0.000010 0.190788 0.128278 0.099360 0.184402 0.000010
0.047297 0.000010 0.253332 0.000010 0.251921 0.111246 0.336185
0.059644 0.330880 0.062917 0.000010 0.000010 0.546529 0.000010
0.000010 0.999940 0.000010 0.000010 0.000010 0.000010 0.000010
0.358176 0.000010 0.000010 0.183050 0.121715 0.100715 0.236324
0.053076 0.000010 0.690824 0.000010 0.256059 0.000010 0.000010
0.686109 0.000010 0.209221 0.035830 0.000010 0.068810 0.000010
0.523114 0.000010 0.451518 0.009472 0.000010 0.000010 0.015866
0.357133 0.000010 0.155872 0.173652 0.052658 0.089121 0.171554
0.294202 0.372015 0.000010 0.000010 0.308093 0.025660 0.000010
0.000010 0.000010 0.000010 0.051693 0.316501 0.040029 0.591747
0.428195 0.000010 0.000010 0.146983 0.000010 0.424782 0.000010
0.044325 0.000010 0.369481 0.184279 0.063156 0.335564 0.003185
0.109492 0.384537 0.290553 0.000010 0.066333 0.149065 0.000010
0.000010 0.000010 0.000010 0.000010 0.085835 0.837838 0.076287
0.394217 0.000010 0.073868 0.075584 0.000010 0.118008 0.338302
0.000010 0.000010 0.000010 0.000010 0.000010 0.923532 0.076418
0.000012 0.000010 0.000010 0.065245 0.000010 0.883520 0.051192
0.365128 0.000010 0.000010 0.073269 0.000010 0.561563 0.000010
0.597191 0.000010 0.000010 0.000010 0.325155 0.077614 0.000010
0.270241 0.000010 0.125383 0.000010 0.604336 0.000010 0.000010
0.000010 0.428082 0.000010 0.023756 0.289190 0.128747 0.130205
0.000010 0.000010 0.452378 0.000010 0.547572 0.000010 0.000010
0.000010 0.337439 0.359534 0.041937 0.078249 0.182821 0.000010
0.000010 0.000010 0.000498 0.154478 0.259218 0.302900 0.282886
0.000010 0.438794 0.275630 0.000010 0.285536 0.000010 0.000010
0.000010 0.009838 0.000010 0.000010 0.480815 0.108870 0.400447
0.036725 0.000010 0.000010 0.314952 0.040147 0.318711 0.289446
0.326277 0.000010 0.078173 0.000010 0.310270 0.285250 0.000010
0.407508 0.000010 0.000010 0.000010 0.394308 0.198144 0.000010
0.000010 0.000010 0.612517 0.000010 0.351573 0.035871 0.000010
0.000010 0.383371 0.000010 0.001904 0.296847 0.008999 0.308860
0.005332 0.337469 0.219898 0.000010 0.273586 0.163694 0.000010
0.000010 0.465143 0.064276 0.000010 0.470541 0.000010 0.000010
