0.000010 0.549659 0.000010 0.000010 0.210901 0.000010 0.000010 0.000010 0.239379
0.030836 0.000010 0.000010 0.250190 0.184088 0.000010 0.000010 0.534836 0.000010
0.077903 0.412735 0.000010 0.000010 0.032086 0.008156 0.000010 0.469081 0.000010
0.000010 0.453238 0.000010 0.000010 0.135695 0.000010 0.000010 0.000010 0.411007
0.080414 0.000010 0.000010 0.121361 0.000010 0.000010 0.000010 0.322672 0.475503
0.000010 0.000010 0.000010 0.000010 0.053484 0.015634 0.000010 0.930822 0.000010
0.000010 0.021343 0.360004 0.000010 0.000010 0.000010 0.264394 0.131297 0.222922
0.022898 0.283639 0.000010 0.267882 0.425530 0.000010 0.000010 0.000010 0.000010
0.000017 0.000010 0.000010 0.747995 0.000010 0.000010 0.000010 0.000010 0.251928
0.100719 0.089001 0.000010 0.000390 0.011517 0.017052 0.000010 0.523568 0.257733
0.000010 0.000010 0.000010 0.000010 0.000010 0.036888 0.144990 0.740527 0.077545
0.000010 0.000010 0.000010 0.000010 0.029079 0.000010 0.113092 0.388252 0.469527
0.000010 0.261837 0.000010 0.000010 0.000010 0.000010 0.323712 0.212991 0.201410
0.000010 0.152008 0.333092 0.000010 0.000010 0.000010 0.000010 0.369662 0.145188
0.000010 0.000010 0.378910 0.210650 0.000010 0.000010 0.000010 0.283412 0.126977
0.000010 0.000010 0.000010 0.388778 0.001730 0.000239 0.000010 0.529080 0.080133
0.120803 0.000010 0.000010 0.087471 0.000010 0.000010 0.166547 0.546650 0.078489
0.019809 0.020552 0.000010 0.000010 0.000010 0.000010 0.148973 0.383181 0.427444
0.000010 0.376978 0.000010 0.000010 0.000010 0.051663 0.000010 0.568212 0.003097
0.157763 0.498954 0.000010 0.048289 0.012693 0.000010 0.000010 0.058827 0.223444
0.042227 0.000010 0.000010 0.132696 0.000010 0.020181 0.000010 0.000010 0.804846
0.025686 0.437828 0.000010 0.000010 0.069703 0.023777 0.000010 0.079566 0.363410
0.000010 0.047943 0.000010 0.653612 0.000010 0.000010 0.000010 0.000010 0.298385
0.010497 0.082177 0.020422 0.082795 0.021288 0.055492 0.000010 0.623816 0.103503
0.000010 0.498453 0.000010 0.000010 0.104922 0.019718 0.038226 0.000010 0.338641
0.000010 0.570464 0.000010 0.071724 0.023230 0.000010 0.024419 0.000010 0.310123
0.143103 0.000010 0.000010 0.361780 0.000010 0.030665 0.000010 0.358256 0.106157
0.215248 0.000010 0.328916 0.000010 0.000010 0.000010 0.026121 0.097906 0.331769
0.035177 0.380354 0.000010 0.000010 0.010946 0.000010 0.168184 0.260898 0.144412
0.000010 0.217218 0.000010 0.291065 0.000010 0.019032 0.000010 0.017261 0.455383
0.000010 0.397239 0.000010 0.024343 0.000010 0.054752 0.023399 0.500227 0.000010
0.016087 0.069570 0.000010 0.000010 0.078034 0.013670 0.000010 0.497105 0.325504
0.000010 0.182765 0.000010 0.338351 0.000010 0.000010 0.000010 0.159146 0.319688
0.000010 0.000010 0.000010 0.081280 0.015584 0.000010 0.451480 0.451606 0.000010
0.000010 0.261222 0.000010 0.172039 0.000010 0.000010 0.000010 0.050249 0.516441
0.000010 0.445824 0.000010 0.054192 0.000010 0.012662 0.275145 0.194656 0.017491
0.000010 0.536710 0.000010 0.000010 0.000010 0.000010 0.018560 0.444671 0.000010
0.000010 0.006354 0.422122 0.022327 0.000010 0.000010 0.000010 0.000010 0.549147
0.000010 0.000010 0.000010 0.315410 0.000010 0.000010 0.000010 0.395681 0.288849
0.080296 0.000010 0.293524 0.000010 0.239655 0.237665 0.148820 0.000010 0.000010
0.000010 0.300577 0.011539 0.270229 0.000010 0.000010 0.059738 0.357878 0.000010
0.000010 0.000010 0.000010 0.000010 0.555338 0.098151 0.346452 0.000010 0.000010
0.000010 0.192030 0.000010 0.105334 0.027876 0.001471 0.094889 0.000010 0.578370
0.000010 0.000010 0.441368 0.107703 0.000010 0.000010 0.000010 0.000010 0.450869
0.243113 0.000010 0.000010 0.000010 0.364296 0.007802 0.240337 0.046030 0.098393
0.000010 0.172475 0.000010 0.052110 0.288753 0.000010 0.243099 0.243522 0.000010
0.048913 0.000010 0.007132 0.140144 0.329398 0.102207 0.184560 0.187626 0.000010
0.000010 0.038904 0.341182 0.000010 0.000010 0.000010 0.371735 0.016852 0.231288
0.001967 0.365642 0.000010 0.013844 0.000010 0.000010 0.104721 0.380839 0.132957
0.406943 0.110587 0.000010 0.000010 0.155110 0.000010 0.042383 0.146562 0.138385
0.315740 0.032851 0.026646 0.226080 0.221046 0.000010 0.177607 0.000010 0.000010
0.000309 0.058264 0.000010 0.425111 0.467218 0.000010 0.000010 0.049058 0.000010
0.136471 0.000010 0.387221 0.000010 0.266343 0.000010 0.000010 0.209915 0.000010
0.092720 0.046200 0.000010 0.263054 0.309012 0.000010 0.000010 0.000010 0.288973
0.011593 0.000010 0.329428 0.400362 0.258567 0.000010 0.000010 0.000010 0.000010
0.376671 0.000010 0.000010 0.000010 0.491241 0.043768 0.000010 0.000010 0.088270
0.010114 0.027192 0.000010 0.000010 0.687709 0.078127 0.103623 0.000010 0.093205
0.000010 0.069937 0.000010 0.205021 0.436146 0.008549 0.143156 0.137161 0.000010
0.301125 0.254800 0.000010 0.000010 0.233974 0.000010 0.019170 0.190891 0.000010
0.286088 0.000010 0.000010 0.000010 0.381206 0.000010 0.332646 0.000010 0.000010
0.000010 0.000010 0.000010 0.557833 0.442097 0.000010 0.000010 0.000010 0.000010
0.000010 0.000010 0.000010 0.000010 0.412534 0.000010 0.434104 0.000010 0.153301
0.021297 0.290507 0.000010 0.015621 0.598958 0.000010 0.073578 0.000010 0.000010
0.062087 0.293630 0.000014 0.153137 0.491092 0.000010 0.000010 0.000010 0.000010
0.000010 0.144231 0.005081 0.219845 0.495355 0.084610 0.029452 0.000010 0.021406
0.459155 0.000010 0.000010 0.171419 0.262088 0.000010 0.000010 0.107288 0.000010
0.060936 0.000010 0.000010 0.000010 0.348401 0.000010 0.403942 0.186671 0.000010
0.000010 0.000010 0.346584 0.000010 0.563334 0.000010 0.000010 0.000010 0.090022
0.067113 0.107147 0.000010 0.000010 0.480959 0.054465 0.080844 0.209443 0.000010
0.335145 0.000013 0.000010 0.077390 0.462182 0.000010 0.000010 0.000010 0.125230
0.000010 0.000010 0.361247 0.000010 0.395005 0.000010 0.204260 0.039438 0.000010
0.239340 0.000010 0.000010 0.000010 0.306305 0.000010 0.454295 0.000010 0.000010
0.213789 0.000010 0.000010 0.083566 0.435907 0.020488 0.246210 0.000010 0.000010
0.225515 0.000010 0.329519 0.103145 0.341771 0.000010 0.000010 0.000010 0.000010
0.000010 0.000010 0.000010 0.036167 0.700389 0.143533 0.047824 0.000010 0.072047
0.189964 0.225653 0.022153 0.201343 0.331270 0.000010 0.000010 0.000010 0.029587
0.000010 0.000010 0.276738 0.232274 0.429537 0.000011 0.061400 0.000010 0.000010
0.451154 0.119738 0.000010 0.000010 0.429048 0.000010 0.000010 0.000010 0.000010
0.026244 0.043133 0.000010 0.288028 0.626410 0.016145 0.000010 0.000010 0.000010
0.517063 0.000010 0.000010 0.000010 0.265557 0.000010 0.217320 0.000010 0.000010
0.003749 0.208681 0.000010 0.309248 0.367491 0.000010 0.096610 0.000010 0.014190
0.338455 0.083307 0.000010 0.000010 0.301346 0.000010 0.276843 0.000010 0.000010
0.000010 0.000010 0.309293 0.000010 0.312332 0.035596 0.022082 0.320657 0.000010
0.114080 0.587207 0.016039 0.000010 0.266355 0.000010 0.000010 0.000010 0.016278
0.000010 0.176059 0.364823 0.000010 0.428447 0.000010 0.028796 0.000010 0.001836
0.179981 0.016647 0.000010 0.000063 0.193464 0.000010 0.532332 0.077483 0.000010
0.000010 0.000010 0.303252 0.096646 0.512619 0.000010 0.087433 0.000010 0.000010
0.073724 0.130026 0.378029 0.133537 0.284644 0.000010 0.000010 0.000010 0.000010
0.000010 0.000010 0.000010 0.000010 0.597843 0.000010 0.402087 0.000010 0.000010
0.000010 0.000010 0.350633 0.000010 0.035715 0.000010 0.000010 0.265794 0.347808
0.000010 0.000010 0.326194 0.196175 0.011353 0.009110 0.292337 0.000010 0.164800
0.217380 0.341561 0.000010 0.082078 0.000010 0.000010 0.000010 0.000010 0.358930
0.096567 0.000010 0.000010 0.021475 0.027572 0.051471 0.044347 0.275460 0.483088
0.238198 0.000010 0.000010 0.036147 0.169305 0.086381 0.139996 0.191913 0.138040
0.000010 0.242165 0.000010 0.000010 0.000010 0.000010 0.372151 0.167934 0.217700
0.000010 0.055296 0.404830 0.151097 0.000010 0.000010 0.000010 0.116166 0.272570
0.085732 0.207472 0.000010 0.097409 0.051404 0.016792 0.129374 0.293212 0.118595
0.000010 0.082336 0.000010 0.303360 0.127510 0.012251 0.000010 0.071420 0.403092
0.127254 0.103046 0.000010 0.095126 0.000010 0.012379 0.274729 0.148036 0.239409
0.000010 0.000010 0.309799 0.200634 0.000010 0.000010 0.000010 0.378338 0.111179
0.164937 0.401486 0.000010 0.000010 0.000010 0.029113 0.000010 0.404414 0.000010
0.000010 0.100323 0.000010 0.000010 0.000017 0.014762 0.000010 0.587133 0.297724
0.000010 0.136275 0.000010 0.000010 0.165199 0.000010 0.000010 0.659602 0.038873
0.025575 0.000010 0.000010 0.468558 0.450444 0.055373 0.000010 0.000010 0.000010
0.066668 0.000010 0.324201 0.000010 0.158999 0.000010 0.227550 0.222541 0.000010
0.000010 0.000010 0.358439 0.000010 0.402735 0.000010 0.089014 0.000010 0.149761
0.000010 0.222591 0.000010 0.011395 0.684374 0.000010 0.081590 0.000010 0.000010
0.201402 0.000010 0.000010 0.145523 0.397063 0.000010 0.054694 0.201278 0.000010
0.305375 0.000010 0.000010 0.070246 0.239733 0.000010 0.384597 0.000010 0.000010
0.000010 0.000010 0.000010 0.085770 0.627475 0.021757 0.179939 0.000010 0.085019
0.192319 0.000010 0.006866 0.306856 0.386700 0.000010 0.083632 0.000010 0.023597
0.069439 0.000010 0.006697 0.134114 0.062115 0.000010 0.315048 0.412556 0.000010
0.000010 0.029381 0.000010 0.236406 0.626127 0.000010 0.000010 0.073071 0.034975
0.145494 0.000010 0.000010 0.252863 0.322552 0.000010 0.146923 0.132128 0.000010
0.000010 0.000010 0.000010 0.000010 0.551831 0.000010 0.000010 0.448099 0.000010
0.072674 0.026612 0.000010 0.171467 0.641041 0.020319 0.000010 0.000010 0.067856
0.000010 0.126452 0.000010 0.015662 0.678807 0.011332 0.167707 0.000010 0.000010
0.187237 0.127128 0.307855 0.000010 0.231538 0.000010 0.086156 0.060056 0.000010
0.060045 0.276226 0.000010 0.000010 0.657528 0.006151 0.000010 0.000010 0.000010
0.299651 0.000010 0.000010 0.000010 0.168468 0.000010 0.338748 0.193082 0.000010
0.000010 0.055875 0.000010 0.141732 0.528809 0.006829 0.099395 0.033515 0.133825
0.000010 0.000010 0.332232 0.000010 0.645104 0.000010 0.000010 0.000010 0.022604
0.006554 0.345663 0.000010 0.042040 0.544122 0.000010 0.000010 0.061581 0.000010
0.463637 0.173160 0.000010 0.000010 0.355516 0.000010 0.000010 0.000010 0.007637
0.000010 0.000010 0.000010 0.199894 0.579064 0.000010 0.220983 0.000010 0.000010
0.363347 0.000010 0.000010 0.155337 0.421902 0.000010 0.000010 0.000010 0.059364
0.000010 0.606645 0.012966 0.000010 0.000010 0.000010 0.000010 0.034071 0.346268
0.000010 0.108901 0.000010 0.183328 0.009573 0.094223 0.000010 0.050179 0.553766
0.032885 0.000010 0.000010 0.358793 0.000010 0.000010 0.000010 0.599822 0.008450
0.000010 0.000010 0.000010 0.246350 0.185198 0.000010 0.009299 0.510807 0.048306
0.000010 0.000010 0.000010 0.303159 0.000010 0.000010 0.244889 0.088292 0.363611
0.000010 0.319370 0.457517 0.000010 0.000010 0.000010 0.000010 0.000010 0.223053
0.008150 0.000010 0.000010 0.420860 0.000010 0.008064 0.000010 0.498738 0.064148
0.043428 0.000010 0.409218 0.327794 0.045311 0.000010 0.000010 0.174209 0.000010
0.162458 0.000010 0.760757 0.000010 0.058353 0.018382 0.000010 0.000010 0.000010
0.281630 0.000010 0.008094 0.027512 0.381987 0.000010 0.104179 0.116389 0.080188
0.000010 0.081525 0.000010 0.310086 0.574941 0.007521 0.000010 0.025887 0.000010
0.214041 0.051114 0.307773 0.000010 0.193863 0.000010 0.112333 0.120847 0.000010
0.396401 0.291583 0.010523 0.216362 0.000010 0.085091 0.000010 0.000010 0.000010
0.270932 0.000010 0.005091 0.301577 0.346444 0.075916 0.000010 0.000010 0.000010
0.694593 0.000010 0.000010 0.104608 0.190556 0.000010 0.000010 0.000010 0.010194
0.000010 0.000010 0.311938 0.000010 0.437688 0.000010 0.000015 0.250309 0.000010
0.284814 0.000010 0.000010 0.244201 0.295128 0.000010 0.000010 0.175808 0.000010
0.000010 0.106125 0.369064 0.012273 0.000010 0.016578 0.139066 0.258914 0.097960
0.000010 0.072683 0.318675 0.000010 0.004987 0.033099 0.064668 0.000010 0.505858
0.000010 0.316278 0.407692 0.220305 0.000010 0.000010 0.000010 0.000010 0.055676
0.000010 0.000010 0.273925 0.097284 0.000010 0.018233 0.000010 0.389038 0.221480
0.012627 0.630134 0.000010 0.000010 0.042875 0.000010 0.000010 0.116766 0.197558
0.268576 0.224794 0.000010 0.000010 0.446074 0.000010 0.000010 0.000010 0.060506
0.158810 0.146879 0.000010 0.199229 0.176747 0.000010 0.000010 0.000010 0.318295
0.306038 0.000010 0.000010 0.000010 0.428133 0.000010 0.230482 0.035297 0.000010
0.288438 0.000010 0.000010 0.000010 0.496360 0.013071 0.186324 0.000010 0.015767
0.404513 0.000010 0.000010 0.091402 0.372129 0.000010 0.000010 0.000010 0.131906
0.000010 0.361387 0.000010 0.000010 0.598686 0.023070 0.000010 0.016808 0.000010
0.529006 0.000010 0.000010 0.000010 0.368294 0.000010 0.000010 0.102640 0.000010
0.137771 0.097306 0.000010 0.066065 0.373578 0.061722 0.079981 0.000010 0.183556
0.233672 0.000010 0.000010 0.000010 0.000010 0.000010 0.285579 0.000010 0.480688
0.000010 0.366588 0.000010 0.242743 0.025389 0.042151 0.033159 0.000010 0.289939
0.035537 0.503284 0.000010 0.089607 0.009247 0.000010 0.082269 0.000010 0.280026
0.000010 0.000010 0.000010 0.000010 0.019008 0.023013 0.236792 0.643606 0.077541
0.000010 0.336908 0.423011 0.000010 0.015621 0.000010 0.000010 0.000010 0.224410
0.000010 0.487340 0.000010 0.247808 0.000017 0.008165 0.000010 0.140516 0.116124
0.033093 0.064770 0.000010 0.186542 0.000010 0.037555 0.212867 0.183914 0.281240
0.028432 0.075862 0.000010 0.231400 0.021722 0.000010 0.179449 0.000010 0.463105
0.000010 0.392896 0.000010 0.392632 0.200239 0.014182 0.000010 0.000010 0.000010
0.004967 0.000010 0.002642 0.369589 0.231946 0.000010 0.000010 0.390817 0.000010
0.000010 0.000010 0.000010 0.000010 0.000010 0.000010 0.223259 0.462971 0.313710
0.000010 0.051102 0.000010 0.000010 0.057040 0.000010 0.000010 0.587594 0.304214
0.058308 0.407898 0.000010 0.134725 0.026018 0.022335 0.011656 0.339040 0.000010
0.000010 0.000010 0.000010 0.174390 0.000010 0.000010 0.000010 0.470204 0.355346
0.071751 0.000010 0.694653 0.000010 0.035367 0.058043 0.140145 0.000010 0.000010
0.060367 0.065049 0.012838 0.000010 0.000010 0.000010 0.079177 0.325626 0.456912
0.382768 0.049545 0.000010 0.000010 0.000010 0.000010 0.000010 0.000010 0.567627
0.348278 0.172226 0.270351 0.000018 0.209087 0.000010 0.000010 0.000010 0.000010
0.000010 0.000010 0.000010 0.314247 0.565681 0.000010 0.120011 0.000010 0.000010
0.007438 0.279067 0.000010 0.128755 0.108848 0.003992 0.000010 0.471870 0.000010
0.000010 0.000010 0.443189 0.000010 0.000010 0.000010 0.000010 0.000010 0.556741
0.055067 0.322818 0.000010 0.019280 0.135059 0.011940 0.000010 0.011372 0.444443
0.013148 0.456361 0.000010 0.005556 0.000010 0.000010 0.053956 0.470940 0.000010
0.000010 0.008319 0.000010 0.134221 0.000010 0.000010 0.242548 0.614862 0.000010
0.000010 0.000010 0.000010 0.042765 0.000010 0.000010 0.075900 0.881275 0.000010
0.000010 0.000010 0.000010 0.360408 0.000010 0.000010 0.000010 0.008275 0.631257
0.000010 0.000010 0.000010 0.000010 0.061655 0.000010 0.330332 0.607953 0.000010
0.000010 0.252808 0.000010 0.176373 0.000010 0.028842 0.000010 0.244483 0.297453
0.069623 0.000010 0.000010 0.194804 0.000010 0.000010 0.000010 0.324601 0.410921
0.000010 0.000010 0.000010 0.000010 0.025461 0.018293 0.120973 0.835223 0.000010
0.000010 0.000010 0.000010 0.000010 0.000010 0.000010 0.600064 0.131285 0.268591
0.000010 0.498250 0.000010 0.000010 0.000010 0.054788 0.000010 0.446902 0.000010
0.000010 0.309439 0.000010 0.178847 0.026991 0.020472 0.075486 0.000010 0.388734
0.000010 0.266638 0.000010 0.000010 0.000010 0.109166 0.154748 0.315757 0.153651
0.000010 0.041373 0.000010 0.000010 0.245229 0.000010 0.533161 0.180187 0.000010
0.000010 0.212247 0.000010 0.000010 0.000010 0.006040 0.118555 0.287345 0.375774
0.009458 0.000010 0.742105 0.000010 0.168814 0.000010 0.000010 0.079573 0.000010
0.000010 0.000010 0.526657 0.000010 0.000010 0.000010 0.308340 0.000010 0.164943
0.000010 0.279115 0.000010 0.000010 0.337399 0.000010 0.195974 0.187462 0.000010
0.187843 0.000010 0.000010 0.000010 0.530646 0.004865 0.183101 0.000010 0.093505
0.041135 0.000010 0.000010 0.000010 0.110057 0.000010 0.199966 0.615002 0.033799
0.045266 0.251016 0.000010 0.092079 0.000010 0.000010 0.000010 0.467597 0.144002
0.031541 0.280757 0.000010 0.132030 0.024002 0.000010 0.071769 0.000010 0.459870
0.005865 0.031954 0.005806 0.035460 0.042545 0.000010 0.000010 0.531838 0.346511
0.000010 0.000010 0.172732 0.000010 0.071339 0.000010 0.066403 0.689476 0.000010
0.000010 0.000010 0.210244 0.000010 0.000010 0.000010 0.000010 0.789686 0.000010
0.000010 0.400076 0.000010 0.097964 0.045360 0.041478 0.000010 0.027420 0.387672
0.000010 0.015700 0.000010 0.413092 0.000010 0.000010 0.019997 0.433953 0.117218
0.000010 0.083101 0.000010 0.189665 0.293688 0.004887 0.000010 0.042762 0.385867
0.001693 0.000010 0.000010 0.127793 0.000010 0.039202 0.137232 0.656955 0.037094
0.089468 0.000010 0.000010 0.178014 0.000010 0.000010 0.041797 0.690672 0.000010
0.076593 0.410965 0.000010 0.000010 0.014923 0.000010 0.133417 0.272095 0.091977
0.111805 0.199124 0.000010 0.252559 0.000010 0.000010 0.063865 0.331572 0.041045
0.000010 0.000010 0.000010 0.192495 0.000010 0.000010 0.298871 0.508574 0.000010
0.032163 0.000010 0.275477 0.000010 0.000010 0.000010 0.000010 0.639772 0.052538
0.018620 0.468984 0.003602 0.000010 0.081184 0.000010 0.000010 0.045972 0.381607
0.091421 0.000010 0.000010 0.000010 0.062447 0.000010 0.017266 0.828816 0.000010
0.000010 0.043692 0.000010 0.000010 0.064290 0.000010 0.173834 0.000010 0.718134
0.000010 0.338583 0.000010 0.238078 0.000010 0.000010 0.063659 0.289427 0.070213
0.000010 0.232452 0.000010 0.263549 0.029663 0.000010 0.043949 0.000010 0.430347
0.111108 0.000010 0.007483 0.124816 0.191697 0.028257 0.008032 0.409490 0.119109
0.149517 0.146415 0.000010 0.000010 0.000010 0.000010 0.272773 0.061338 0.369917
0.000010 0.000010 0.000010 0.000010 0.000010 0.000010 0.283304 0.554332 0.162304
0.000010 0.123413 0.470589 0.149558 0.000010 0.095696 0.000010 0.074193 0.086522
0.000010 0.003117 0.000010 0.262689 0.032324 0.000010 0.290399 0.148007 0.263435
0.000010 0.165560 0.000010 0.000010 0.105878 0.000010 0.150005 0.299744 0.278772
0.000010 0.000010 0.471709 0.000010 0.000010 0.000010 0.000010 0.409031 0.119200
0.000010 0.000010 0.000010 0.189599 0.291554 0.152404 0.240669 0.125733 0.000010
0.000010 0.000010 0.000010 0.041318 0.000010 0.000010 0.000010 0.933394 0.025228
0.090619 0.411042 0.003873 0.016630 0.204377 0.000010 0.149775 0.123664 0.000010
0.030397 0.311295 0.000010 0.358210 0.266563 0.000010 0.000010 0.000010 0.033496
0.000010 0.175968 0.000010 0.144953 0.177623 0.000010 0.237481 0.203953 0.059993
0.000010 0.100573 0.441910 0.000010 0.000010 0.000010 0.101617 0.297743 0.058116
0.036364 0.000010 0.027124 0.039823 0.050666 0.052346 0.069232 0.385755 0.338680
0.046202 0.270936 0.023692 0.109444 0.136991 0.158354 0.020980 0.000010 0.233392
0.076435 0.049264 0.000010 0.000010 0.056003 0.021374 0.000010 0.478176 0.318718
0.185531 0.026562 0.000010 0.000010 0.105314 0.197587 0.077139 0.000010 0.407837
0.017320 0.006899 0.342702 0.000010 0.057835 0.199229 0.000010 0.000010 0.375985
0.085174 0.180103 0.313062 0.000010 0.000010 0.162895 0.000659 0.258076 0.000010
0.000010 0.000010 0.401244 0.215287 0.000010 0.099546 0.089323 0.000010 0.194559
0.000010 0.039059 0.322896 0.088878 0.035446 0.001170 0.187530 0.218199 0.106811
0.000010 0.000010 0.000010 0.689812 0.000010 0.000010 0.036143 0.273985 0.000010
0.113282 0.207868 0.000010 0.222523 0.111886 0.000010 0.000010 0.344401 0.000010
0.137814 0.008952 0.426337 0.000010 0.003618 0.143070 0.052339 0.210203 0.017657
0.000010 0.000010 0.000010 0.280761 0.103980 0.055083 0.000010 0.511864 0.048272
0.201748 0.000010 0.349823 0.000010 0.000010 0.000010 0.004534 0.168079 0.275774
0.046081 0.000010 0.866332 0.000010 0.000010 0.047612 0.000010 0.000010 0.039924
0.000010 0.149835 0.000010 0.000010 0.189037 0.185170 0.000010 0.081156 0.394762
0.021056 0.166623 0.000010 0.028051 0.119731 0.000010 0.000010 0.153730 0.510779
0.000010 0.342998 0.000010 0.055678 0.146914 0.009350 0.038742 0.000010 0.406288
0.068226 0.401796 0.000010 0.075463 0.251220 0.000010 0.000010 0.028048 0.175217
0.067948 0.067584 0.000010 0.380859 0.088234 0.319929 0.000010 0.000010 0.075416
0.059464 0.000010 0.325872 0.000010 0.076190 0.000010 0.289938 0.000010 0.248497
0.000010 0.000010 0.011129 0.000010 0.177615 0.143113 0.172197 0.284729 0.211186
0.070472 0.000010 0.000010 0.065379 0.173366 0.020601 0.000010 0.670141 0.000010
0.000010 0.120858 0.000010 0.000010 0.128077 0.002188 0.039152 0.420264 0.289431
0.401352 0.000010 0.000010 0.000010 0.134397 0.060694 0.052551 0.000010 0.350965
0.370856 0.055142 0.011435 0.204692 0.000010 0.018423 0.000010 0.339421 0.000010
0.000010 0.000010 0.373534 0.000010 0.359407 0.000010 0.000010 0.000010 0.266999
0.103309 0.000010 0.280152 0.267578 0.000010 0.005513 0.000010 0.343409 0.000010
0.034813 0.070692 0.488814 0.124332 0.000010 0.031275 0.000010 0.000010 0.250044
0.217171 0.067254 0.321058 0.001106 0.000010 0.096963 0.116653 0.179775 0.000010
0.000270 0.360280 0.078754 0.067456 0.061935 0.009779 0.123269 0.000010 0.298246
0.155532 0.247278 0.058629 0.212867 0.000010 0.163700 0.075471 0.000010 0.086504
0.220450 0.000010 0.078175 0.156777 0.116089 0.162312 0.118149 0.110035 0.038002
0.256694 0.087495 0.306108 0.000010 0.000010 0.075795 0.000010 0.000010 0.273868
0.179227 0.000010 0.000010 0.000010 0.000010 0.383898 0.311462 0.125363 0.000010
0.007690 0.453942 0.000010 0.000010 0.271762 0.000010 0.000010 0.000010 0.266555
0.265046 0.147546 0.000010 0.194909 0.138727 0.058918 0.000010 0.000010 0.194825
0.040800 0.383743 0.012148 0.174844 0.040939 0.200225 0.037077 0.000010 0.110212
0.222142 0.333726 0.019158 0.123041 0.000010 0.064313 0.000010 0.005830 0.231770
0.052300 0.273130 0.045144 0.021554 0.000010 0.000870 0.223608 0.383375 0.000010
0.088749 0.193646 0.004221 0.000010 0.349969 0.056985 0.072582 0.233828 0.000010
0.000010 0.000010 0.000010 0.000010 0.000010 0.302195 0.513158 0.000010 0.184587
0.000010 0.000010 0.312692 0.000010 0.000010 0.527146 0.000010 0.000010 0.160103
0.000010 0.042361 0.000010 0.195427 0.011767 0.750395 0.000010 0.000010 0.000010
0.037120 0.202709 0.012773 0.286496 0.000010 0.073560 0.000010 0.159381 0.227940
0.028718 0.475058 0.000010 0.000010 0.248985 0.036449 0.019050 0.000010 0.191711
0.000010 0.063475 0.000010 0.000010 0.057603 0.677821 0.107159 0.000010 0.093902
0.059235 0.128237 0.049406 0.025151 0.079009 0.346645 0.099004 0.119589 0.093723
0.038297 0.138385 0.010529 0.143886 0.003664 0.338108 0.000010 0.327111 0.000010
0.037924 0.041158 0.069604 0.109114 0.033479 0.488039 0.129873 0.015410 0.075397
0.000010 0.000010 0.041342 0.000010 0.078039 0.717129 0.109311 0.000010 0.054139
0.070937 0.195911 0.012631 0.071856 0.000010 0.616472 0.023118 0.009054 0.000010
0.000010 0.141369 0.000010 0.105119 0.000010 0.753452 0.000010 0.000010 0.000010
0.031843 0.150179 0.074535 0.000010 0.061707 0.449223 0.076747 0.155746 0.000010
0.064917 0.101915 0.058453 0.065631 0.045402 0.410217 0.065709 0.179920 0.007837
0.058662 0.159667 0.003413 0.026698 0.077131 0.434929 0.068070 0.088324 0.083107
0.029923 0.238203 0.027372 0.024002 0.059359 0.346971 0.127912 0.146247 0.000010
0.148390 0.119735 0.014135 0.000010 0.095626 0.433474 0.040637 0.000010 0.147983
0.000010 0.000010 0.000010 0.000010 0.000010 0.835544 0.070203 0.094193 0.000010
0.000010 0.116751 0.282309 0.000010 0.000010 0.600880 0.000010 0.000010 0.000010
0.046104 0.189567 0.034501 0.057770 0.000010 0.605007 0.000010 0.067020 0.000010
0.044111 0.056795 0.014617 0.024418 0.071943 0.235344 0.084090 0.468671 0.000010
0.085455 0.000827 0.261841 0.160549 0.000010 0.206008 0.170191 0.103560 0.011560
0.014225 0.238555 0.041423 0.041182 0.000010 0.227159 0.000010 0.285443 0.151994
0.044114 0.000010 0.000010 0.066936 0.000010 0.754246 0.000010 0.134655 0.000010
0.000010 0.000010 0.212601 0.000010 0.000010 0.787329 0.000010 0.000010 0.000010
0.000010 0.028558 0.000010 0.241576 0.000010 0.729806 0.000010 0.000010 0.000010
0.000010 0.000010 0.076400 0.176509 0.000010 0.490967 0.038023 0.218062 0.000010
0.000010 0.000010 0.235717 0.078389 0.000010 0.365947 0.107735 0.212171 0.000010
0.026999 0.307557 0.000010 0.081686 0.036608 0.542005 0.000010 0.003651 0.001475
0.101193 0.063214 0.000010 0.179517 0.000010 0.229730 0.090291 0.336025 0.000010
0.052420 0.237937 0.032932 0.101273 0.027842 0.484203 0.000010 0.063374 0.000010
0.000010 0.239987 0.382115 0.175572 0.000010 0.097994 0.066697 0.000010 0.037606
0.000010 0.000010 0.022186 0.337629 0.028719 0.015474 0.103994 0.290234 0.201745
0.158824 0.123580 0.311076 0.045050 0.000010 0.283588 0.000010 0.015470 0.062393
0.000010 0.027448 0.138102 0.062883 0.006641 0.436218 0.117474 0.000010 0.211214
0.000010 0.245168 0.000010 0.000010 0.000010 0.000010 0.206886 0.547886 0.000010
0.008817 0.022140 0.159192 0.089733 0.000010 0.206737 0.201988 0.128766 0.182616
0.143298 0.211231 0.002397 0.103771 0.118958 0.100457 0.028706 0.046461 0.244722
0.086517 0.000010 0.419602 0.033444 0.001380 0.007825 0.152518 0.182291 0.116413
0.032687 0.221480 0.037016 0.000010 0.175205 0.088740 0.037490 0.222142 0.185230
0.000010 0.003940 0.024097 0.282284 0.000010 0.004957 0.270635 0.206276 0.207790
0.001311 0.042033 0.028737 0.254441 0.162197 0.000010 0.117709 0.000010 0.393551
0.000010 0.000010 0.256989 0.009169 0.000010 0.605489 0.120924 0.007389 0.000010
0.000010 0.000010 0.000010 0.000010 0.012112 0.462140 0.346805 0.065481 0.113421
0.022809 0.032410 0.026895 0.192377 0.053836 0.159662 0.250134 0.130350 0.131526
0.000010 0.337249 0.000010 0.124826 0.000010 0.000010 0.163975 0.307947 0.065962
0.000010 0.133478 0.403527 0.000010 0.000010 0.347819 0.000010 0.080869 0.034267
0.007828 0.082478 0.061904 0.293590 0.023715 0.084293 0.072535 0.088446 0.285211
0.065355 0.080391 0.020402 0.218792 0.185995 0.080075 0.000010 0.211307 0.137673
0.084782 0.000010 0.252280 0.000010 0.000010 0.344167 0.210774 0.107957 0.000010
0.047409 0.281951 0.000010 0.130199 0.050745 0.054777 0.218206 0.170620 0.046083
0.063552 0.000010 0.332903 0.000010 0.000010 0.000010 0.350496 0.198435 0.054573
0.110876 0.245530 0.014660 0.173890 0.153144 0.159346 0.017471 0.125072 0.000010
0.000010 0.086626 0.311348 0.064560 0.186919 0.025709 0.000010 0.121939 0.202878
0.194756 0.078607 0.000010 0.000010 0.021822 0.084897 0.139749 0.237140 0.243008
0.030874 0.134850 0.393491 0.067270 0.038813 0.012489 0.000010 0.159169 0.163035
0.207162 0.003622 0.588114 0.000010 0.000010 0.176739 0.000010 0.000010 0.024323
0.000010 0.000010 0.000010 0.155821 0.000010 0.782369 0.000010 0.000010 0.061750
0.048625 0.000010 0.488547 0.313129 0.000010 0.055387 0.000010 0.014840 0.079442
0.000010 0.251445 0.035835 0.132501 0.005166 0.148013 0.074319 0.000010 0.352701
0.025003 0.308172 0.000010 0.324223 0.000010 0.037031 0.000010 0.015115 0.290425
0.003899 0.393631 0.467356 0.000010 0.000010 0.000010 0.000010 0.054402 0.080671
0.000010 0.000010 0.000010 0.120588 0.000010 0.000010 0.209447 0.669906 0.000010
0.173414 0.000010 0.306830 0.000010 0.000010 0.000010 0.000010 0.519697 0.000010
0.000010 0.000010 0.009006 0.087983 0.000010 0.411132 0.031725 0.247985 0.212138
0.382650 0.281747 0.000010 0.188960 0.040176 0.106426 0.000010 0.000010 0.000010
0.237191 0.045544 0.000010 0.000010 0.000010 0.250425 0.164749 0.230524 0.071537
0.030839 0.000010 0.000010 0.088603 0.080344 0.321002 0.143302 0.225861 0.110029
0.000010 0.056814 0.296207 0.188113 0.000010 0.126241 0.136329 0.196265 0.000010
0.000010 0.150142 0.020177 0.194147 0.000010 0.399342 0.188318 0.000010 0.047844
0.000010 0.034011 0.022117 0.200182 0.126830 0.361553 0.000010 0.015273 0.240015
0.031820 0.322096 0.000010 0.118262 0.024720 0.018274 0.387284 0.071227 0.026306
0.000010 0.199645 0.000010 0.000010 0.229941 0.117324 0.052535 0.000010 0.400516
0.102637 0.259108 0.041482 0.185798 0.000010 0.120987 0.270510 0.011130 0.008336
0.093304 0.205300 0.000010 0.274006 0.003391 0.118666 0.140589 0.164723 0.000010
0.087618 0.532925 0.003010 0.014602 0.052385 0.063259 0.110519 0.135672 0.000010
0.059330 0.346397 0.000010 0.184020 0.000010 0.000010 0.404863 0.005351 0.000010
0.096924 0.376974 0.000010 0.092337 0.039597 0.215550 0.150748 0.027850 0.000010
0.000010 0.081301 0.011967 0.000010 0.000010 0.671313 0.151084 0.084295 0.000010
0.035020 0.014949 0.000010 0.131928 0.000010 0.488562 0.107622 0.221889 0.000010
0.053645 0.000010 0.000010 0.081065 0.000010 0.374136 0.223812 0.267302 0.000010
0.000010 0.000010 0.000011 0.113219 0.000010 0.607781 0.000010 0.278940 0.000010
0.082319 0.106507 0.015983 0.243653 0.000010 0.517819 0.000010 0.033689 0.000010
0.000010 0.069013 0.400783 0.000010 0.000010 0.501226 0.000010 0.028929 0.000010
0.158733 0.059421 0.003622 0.085378 0.000010 0.425731 0.081514 0.185581 0.000010
0.255432 0.085404 0.000010 0.057970 0.000010 0.475777 0.052327 0.000010 0.073060
0.019009 0.156192 0.000010 0.268668 0.071647 0.174720 0.003749 0.305994 0.000010
0.000010 0.000010 0.263786 0.139016 0.051605 0.545543 0.000010 0.000010 0.000010
0.189875 0.000010 0.000010 0.030584 0.230738 0.158095 0.225162 0.000010 0.165517
0.320783 0.000010 0.000010 0.088361 0.000010 0.000010 0.428214 0.000010 0.162592
0.059687 0.000010 0.000010 0.000010 0.119287 0.014466 0.465911 0.340608 0.000010
0.065682 0.007678 0.303440 0.480246 0.000010 0.078018 0.000010 0.026351 0.038565
0.125418 0.000010 0.000010 0.299922 0.040606 0.298127 0.017927 0.000010 0.217971
0.016301 0.301787 0.000010 0.051732 0.038559 0.230018 0.000010 0.204276 0.157308
0.408761 0.003463 0.000010 0.072616 0.032668 0.034576 0.000010 0.000010 0.447886
0.325278 0.052181 0.000010 0.063811 0.055196 0.173060 0.157635 0.172818 0.000010
0.000010 0.348107 0.000010 0.024184 0.179274 0.003378 0.212625 0.050291 0.182121
0.000010 0.000010 0.000010 0.098266 0.000010 0.014407 0.427643 0.000010 0.459633
0.122448 0.313199 0.000010 0.088863 0.020984 0.000010 0.114496 0.288929 0.051060
0.512377 0.000010 0.000010 0.126567 0.000010 0.080242 0.000010 0.000010 0.280764
0.000010 0.206866 0.000010 0.000010 0.305020 0.035901 0.131654 0.000010 0.320519
0.051289 0.000010 0.314417 0.006357 0.000010 0.176760 0.437161 0.000010 0.013987
0.599246 0.166276 0.000010 0.000010 0.000010 0.048262 0.132502 0.053674 0.000010
0.263620 0.547987 0.000010 0.163949 0.000010 0.000010 0.000010 0.000010 0.024394
0.000010 0.000010 0.000010 0.185515 0.000010 0.011707 0.264672 0.449100 0.088966
0.028005 0.143337 0.000010 0.195817 0.151092 0.025961 0.154828 0.256350 0.044600
0.061385 0.125746 0.000010 0.202572 0.052615 0.438912 0.000010 0.000010 0.118740
0.000010 0.486309 0.000010 0.000010 0.048468 0.054056 0.000010 0.000010 0.411117
0.087475 0.000010 0.000010 0.000010 0.154183 0.434063 0.324230 0.000010 0.000010
0.000010 0.000010 0.000010 0.100922 0.269596 0.118209 0.002681 0.000010 0.508552
0.212465 0.050905 0.000010 0.253939 0.000010 0.117845 0.158514 0.000010 0.206302
0.040404 0.087478 0.000010 0.000010 0.000010 0.000010 0.273087 0.588864 0.010128
0.059421 0.308288 0.015968 0.203311 0.143376 0.083910 0.028313 0.000010 0.157403
0.388973 0.000010 0.330830 0.000010 0.000010 0.014157 0.040698 0.149842 0.075470
0.276519 0.000010 0.000010 0.126377 0.074990 0.166132 0.013860 0.000010 0.342092
0.044914 0.000010 0.128070 0.209201 0.000010 0.219991 0.062069 0.320049 0.015687
0.000010 0.000010 0.698972 0.000010 0.000010 0.022155 0.278813 0.000010 0.000010
0.401281 0.000010 0.000010 0.236781 0.003118 0.000010 0.000010 0.351686 0.007095
0.053761 0.213821 0.000013 0.180071 0.014274 0.221981 0.099415 0.216655 0.000010
0.000010 0.000010 0.000010 0.000010 0.105906 0.534811 0.293102 0.066130 0.000010
0.243310 0.000010 0.000010 0.000010 0.000010 0.000010 0.401587 0.177696 0.177358
0.216158 0.000010 0.271318 0.000010 0.106397 0.082666 0.219160 0.000010 0.104270
0.000010 0.054142 0.000010 0.000010 0.156969 0.438239 0.203274 0.000010 0.147335
0.000010 0.000010 0.000010 0.000010 0.034513 0.965176 0.000010 0.000010 0.000250
0.000010 0.187276 0.000010 0.000010 0.000010 0.812654 0.000010 0.000010 0.000010
0.000010 0.258744 0.000010 0.045046 0.032633 0.663527 0.000010 0.000010 0.000010
0.140041 0.312745 0.350243 0.000010 0.000010 0.196921 0.000010 0.000010 0.000010
0.042949 0.435097 0.024572 0.077191 0.000010 0.379411 0.000010 0.040749 0.000010
0.000010 0.000010 0.000010 0.000010 0.102222 0.650906 0.000010 0.000010 0.246812
0.278694 0.000010 0.000010 0.216809 0.076877 0.235322 0.000010 0.000010 0.192258
0.118486 0.242766 0.389634 0.065633 0.000010 0.029732 0.000783 0.000010 0.152945
0.000010 0.014285 0.344308 0.000010 0.000010 0.641347 0.000010 0.000010 0.000010
0.383767 0.000010 0.000010 0.112943 0.000010 0.161486 0.000010 0.266690 0.075073
0.000010 0.001741 0.385783 0.128365 0.000010 0.402258 0.081813 0.000010 0.000010
0.000010 0.078815 0.383289 0.044440 0.073855 0.351764 0.000010 0.000010 0.067806
0.000010 0.000010 0.000010 0.000010 0.019640 0.740012 0.000010 0.000010 0.240288
0.000010 0.000010 0.000010 0.445221 0.000010 0.000010 0.000010 0.000010 0.554709
0.000010 0.395570 0.000010 0.145106 0.000010 0.386860 0.000010 0.072413 0.000010
0.009559 0.000010 0.000010 0.114746 0.000010 0.526140 0.000010 0.349505 0.000010
0.000010 0.000010 0.604542 0.000010 0.000010 0.395388 0.000010 0.000010 0.000010
0.019384 0.210514 0.000010 0.210553 0.080762 0.296550 0.082179 0.000010 0.100037
0.000010 0.000010 0.000010 0.227222 0.000010 0.744582 0.000010 0.000010 0.028136
0.000010 0.000010 0.000010 0.000010 0.000010 0.709449 0.229947 0.060545 0.000010
0.000010 0.168451 0.000010 0.046239 0.000010 0.784160 0.000010 0.001100 0.000010
0.000010 0.000010 0.000010 0.084736 0.080993 0.170015 0.167671 0.351539 0.145015
0.000010 0.000010 0.622470 0.000010 0.000010 0.188399 0.189071 0.000010 0.000010
0.000010 0.000010 0.000010 0.000010 0.000010 0.773945 0.036793 0.189202 0.000010
0.000010 0.064719 0.413340 0.000010 0.000010 0.000010 0.161924 0.267242 0.092734
0.000010 0.313327 0.001469 0.000010 0.127696 0.000010 0.225938 0.247752 0.083787
0.024386 0.000010 0.000010 0.073890 0.081964 0.060476 0.260134 0.172854 0.326276
0.026801 0.000010 0.000010 0.291437 0.000010 0.582357 0.000010 0.000010 0.099354
0.072632 0.382494 0.000010 0.016445 0.000010 0.419393 0.108996 0.000010 0.000010
0.185649 0.041050 0.000010 0.100880 0.000010 0.629564 0.000010 0.000010 0.042817
0.093772 0.240567 0.000010 0.277199 0.165773 0.000010 0.127063 0.095596 0.000010
0.026425 0.170500 0.000010 0.203058 0.075405 0.137601 0.000010 0.261287 0.125703
0.000010 0.000010 0.000010 0.000010 0.000010 0.775880 0.070133 0.153928 0.000010
0.000010 0.000010 0.000010 0.000010 0.022506 0.762234 0.000010 0.215201 0.000010
0.000010 0.119574 0.000010 0.207040 0.000010 0.481597 0.000010 0.191739 0.000010
0.000010 0.312204 0.000010 0.224459 0.176862 0.000010 0.000010 0.058184 0.228251
0.020024 0.000010 0.000010 0.302742 0.000010 0.409028 0.000010 0.268156 0.000010
0.059021 0.336734 0.000010 0.000010 0.052832 0.075622 0.232909 0.183524 0.059337
0.111770 0.000010 0.000010 0.000010 0.072638 0.532890 0.185751 0.000010 0.096911
0.015196 0.000010 0.343685 0.000010 0.000010 0.041806 0.447199 0.152074 0.000010
0.174973 0.000010 0.000010 0.000010 0.066392 0.000010 0.000010 0.758575 0.000010
0.000010 0.000010 0.000010 0.283326 0.000010 0.627733 0.048119 0.000010 0.040772
0.000010 0.000010 0.000010 0.331869 0.000010 0.013431 0.000010 0.000010 0.654640
0.000010 0.621058 0.008285 0.100238 0.000010 0.258522 0.000010 0.011857 0.000010
0.000010 0.196301 0.000010 0.098032 0.085261 0.073477 0.000010 0.165749 0.381151
0.319512 0.304934 0.000010 0.016744 0.000010 0.251126 0.000010 0.000010 0.107644
0.010292 0.153770 0.405373 0.000010 0.000010 0.033623 0.232012 0.164900 0.000010
0.000010 0.351669 0.384105 0.023249 0.086705 0.000010 0.000010 0.000010 0.154232
0.089438 0.000010 0.000010 0.159057 0.000010 0.065054 0.379606 0.000010 0.306804
0.000010 0.141793 0.462093 0.055202 0.000010 0.000010 0.000010 0.032160 0.308712
0.000010 0.294165 0.352380 0.000010 0.000010 0.000010 0.120191 0.217141 0.016084
0.197284 0.000010 0.341877 0.000010 0.028731 0.000010 0.161532 0.000010 0.270537
0.000010 0.000010 0.000010 0.000010 0.027840 0.000010 0.346678 0.597652 0.027780
0.094048 0.201011 0.000010 0.023049 0.000010 0.000010 0.378059 0.028786 0.275016
0.000010 0.228006 0.000010 0.000010 0.056042 0.000010 0.170240 0.291940 0.253732
0.000010 0.339530 0.000010 0.000010 0.000010 0.000010 0.146405 0.249236 0.264780
0.013297 0.000010 0.000010 0.296369 0.137742 0.006942 0.000010 0.008624 0.536996
0.000010 0.413391 0.000010 0.122431 0.000010 0.025003 0.000010 0.439125 0.000010
0.000010 0.119457 0.000010 0.141708 0.056014 0.020284 0.000010 0.067841 0.594667
0.333950 0.000010 0.285484 0.000010 0.000010 0.000010 0.000010 0.380506 0.000010
0.079378 0.392246 0.000010 0.056555 0.034108 0.000010 0.224002 0.213682 0.000010
0.000010 0.015814 0.000010 0.000010 0.045054 0.000010 0.075217 0.451015 0.412861
0.000010 0.000010 0.323132 0.065119 0.000010 0.000010 0.000010 0.611689 0.000010
0.000010 0.000010 0.000010 0.000010 0.000010 0.769647 0.230283 0.000010 0.000010
0.000010 0.000010 0.000010 0.000010 0.028917 0.479596 0.439447 0.048036 0.003964
0.151324 0.154113 0.000010 0.027422 0.210229 0.025072 0.000010 0.383376 0.048444
0.352623 0.000010 0.000010 0.174064 0.041165 0.143074 0.155050 0.133993 0.000010
0.000010 0.194600 0.000010 0.068056 0.000010 0.017370 0.115703 0.318030 0.286210
0.133059 0.122117 0.000010 0.000010 0.106157 0.000010 0.128006 0.510620 0.000010
0.000010 0.584155 0.000010 0.167929 0.000010 0.000010 0.000010 0.024553 0.223312
0.000010 0.014058 0.017250 0.091350 0.057763 0.021321 0.082193 0.464629 0.251427
0.000010 0.261618 0.000010 0.000010 0.055407 0.000010 0.167896 0.222113 0.292926
0.000010 0.515386 0.000010 0.015381 0.139818 0.000010 0.000010 0.000010 0.329365
0.000010 0.181017 0.403855 0.004202 0.000010 0.000010 0.000564 0.298638 0.111694
0.063993 0.000010 0.260034 0.026235 0.000010 0.026833 0.172322 0.046459 0.404104
0.000010 0.134332 0.000010 0.000010 0.000010 0.000010 0.312618 0.552990 0.000010
0.000010 0.049671 0.437776 0.067338 0.000010 0.073314 0.000010 0.000010 0.371860
0.000010 0.200935 0.000010 0.000010 0.195246 0.018239 0.223886 0.197094 0.164570
0.008327 0.135955 0.000010 0.000010 0.000010 0.000835 0.061679 0.793164 0.000010
0.004806 0.272737 0.027360 0.457120 0.039991 0.057570 0.000010 0.028087 0.112319
0.000010 0.020719 0.000010 0.000010 0.037074 0.000010 0.456592 0.003387 0.482188
0.037471 0.000010 0.000010 0.148218 0.143459 0.029090 0.000010 0.395552 0.246181
0.007774 0.000010 0.316844 0.028581 0.129835 0.000010 0.122334 0.394603 0.000010
0.000010 0.416738 0.000010 0.000010 0.206386 0.000010 0.115213 0.254070 0.007554
0.000010 0.000010 0.383292 0.001616 0.320377 0.020948 0.226816 0.046920 0.000010
0.000010 0.424058 0.000010 0.000010 0.027173 0.097910 0.000010 0.000010 0.450809
0.000010 0.105112 0.000010 0.041532 0.057545 0.033727 0.170421 0.386483 0.205159
0.000010 0.293977 0.000010 0.000010 0.000010 0.006269 0.234840 0.253744 0.211130
0.168087 0.126676 0.000010 0.000010 0.000010 0.000010 0.303198 0.000010 0.401989
0.000010 0.000010 0.484481 0.210384 0.000010 0.305075 0.000010 0.000010 0.000010
0.092500 0.153466 0.000010 0.031023 0.006940 0.698296 0.000010 0.000010 0.017745
0.000010 0.000010 0.000010 0.000010 0.000010 0.805494 0.180531 0.013914 0.000010
0.000010 0.000010 0.000010 0.000010 0.073433 0.726273 0.000010 0.000010 0.200234
0.000010 0.031233 0.000010 0.191500 0.000010 0.777207 0.000010 0.000010 0.000010
0.000010 0.062342 0.000010 0.179785 0.000010 0.757813 0.000010 0.000010 0.000010
0.000010 0.000010 0.000010 0.000010 0.036320 0.880559 0.046534 0.000010 0.036537
0.000010 0.195844 0.000010 0.192139 0.170534 0.201259 0.000010 0.067731 0.172463
0.000010 0.000010 0.351142 0.000010 0.000010 0.006659 0.021013 0.437450 0.183697
0.002828 0.386542 0.000010 0.000010 0.000010 0.000010 0.000010 0.417180 0.193400
0.124584 0.322012 0.000010 0.000010 0.004184 0.000010 0.000010 0.055286 0.493894
0.245485 0.000010 0.000010 0.179100 0.013229 0.047300 0.241073 0.086096 0.187698
