0.071401 0.209789 0.718810
0.056359 0.224972 0.718669
0.090721 0.055797 0.853482
0.057399 0.093683 0.848918
0.049543 0.049350 0.901108
0.055740 0.000010 0.944250
0.000010 0.327598 0.672392
0.081955 0.715087 0.202958
0.105303 0.309935 0.584762
0.075973 0.000010 0.924017
0.064978 0.000010 0.935012
0.030269 0.000010 0.969721
0.063389 0.020457 0.916154
0.000010 0.196360 0.803630
0.000010 0.317724 0.682266
0.079806 0.037874 0.882321
0.000010 0.141643 0.858347
0.022607 0.025442 0.951951
0.104394 0.000010 0.895596
0.053793 0.193762 0.752445
0.074345 0.007505 0.918150
0.085021 0.064911 0.850069
0.088869 0.042468 0.868663
0.103599 0.024134 0.872268
0.105361 0.090807 0.803832
0.034082 0.082676 0.883241
0.142240 0.109771 0.747989
0.000010 0.508748 0.491242
0.000010 0.091585 0.908405
0.112924 0.022724 0.864352
0.107774 0.000010 0.892216
0.055846 0.000010 0.944144
0.092735 0.000010 0.907255
0.070357 0.113510 0.816134
0.052424 0.000010 0.947566
0.089960 0.073723 0.836317
0.050791 0.000010 0.949199
0.000010 0.356191 0.643799
0.005734 0.000010 0.994256
0.338608 0.661382 0.000010
0.049421 0.045660 0.904919
0.173859 0.773518 0.052623
0.055097 0.085335 0.859568
0.038064 0.403379 0.558557
0.064293 0.713409 0.222298
0.044809 0.392445 0.562746
0.195631 0.497016 0.307353
0.000010 0.351541 0.648449
0.032506 0.000010 0.967484
0.000010 0.586355 0.413635
0.027546 0.777104 0.195351
0.118230 0.588406 0.293363
0.040787 0.722834 0.236379
0.018880 0.535313 0.445807
0.000010 0.942966 0.057024
0.126546 0.873444 0.000010
0.136266 0.862097 0.001638
0.133905 0.568087 0.298008
0.000010 0.603601 0.396389
0.000010 0.878692 0.121298
0.166007 0.660843 0.173150
0.028162 0.625569 0.346269
0.057855 0.801481 0.140664
0.051274 0.807066 0.141660
0.196833 0.672454 0.130713
0.038615 0.875635 0.085750
0.040815 0.585771 0.373414
0.000010 0.999980 0.000010
0.138301 0.614685 0.247014
0.015863 0.974029 0.010108
0.045455 0.775816 0.178730
0.034942 0.833574 0.131485
0.104855 0.856563 0.038582
0.032028 0.967962 0.000010
0.208965 0.791025 0.000010
0.018753 0.721603 0.259644
0.112636 0.886123 0.001242
0.035281 0.946463 0.018256
0.106737 0.846829 0.046434
0.000010 0.999980 0.000010
0.037192 0.660691 0.302117
0.000010 0.840602 0.159388
0.119497 0.635332 0.245171
0.065632 0.454305 0.480064
0.000010 0.815481 0.184509
0.060736 0.634579 0.304684
0.000010 0.969547 0.030443
0.120975 0.814924 0.064101
0.056830 0.854043 0.089127
0.000010 0.300490 0.699500
0.095596 0.535364 0.369040
0.033525 0.256759 0.709717
0.101658 0.071977 0.826364
0.150091 0.452880 0.397029
0.037961 0.023294 0.938745
0.069884 0.244540 0.685575
0.091293 0.150285 0.758422
0.092998 0.147246 0.759756
0.088473 0.188768 0.722759
0.000010 0.200244 0.799746
0.167359 0.044391 0.788249
0.025548 0.000010 0.974442
0.049344 0.086282 0.864373
0.214242 0.735635 0.050123
0.051889 0.632725 0.315387
0.000010 0.864123 0.135867
0.071429 0.853879 0.074693
0.080578 0.666002 0.253421
0.000010 0.900260 0.099730
0.070583 0.859467 0.069950
0.104674 0.853988 0.041338
0.003255 0.284022 0.712723
0.005194 0.736128 0.258678
0.000010 0.698855 0.301135
0.039257 0.519763 0.440981
0.098642 0.829836 0.071522
0.085985 0.848109 0.065906
0.000882 0.761085 0.238033
0.087946 0.858960 0.053094
0.000010 0.667986 0.332004
0.054012 0.663080 0.282908
0.048353 0.951637 0.000010
0.103108 0.623578 0.273313
0.057175 0.933015 0.009810
0.029606 0.905509 0.064885
0.000010 0.958159 0.041831
0.076445 0.000010 0.923545
0.164873 0.000010 0.835117
0.087927 0.031447 0.880626
0.023372 0.221785 0.754843
0.090840 0.040223 0.868937
0.000010 0.391348 0.608642
0.108584 0.032076 0.859339
0.133198 0.506262 0.360540
0.154836 0.845154 0.000010
0.052414 0.747801 0.199785
0.131351 0.718428 0.150222
0.000010 0.733554 0.266436
0.258520 0.436151 0.305329
0.216261 0.783729 0.000010
0.102612 0.897378 0.000010
0.039893 0.752869 0.207239
0.000010 0.801772 0.198218
0.071984 0.287339 0.640676
0.053608 0.299307 0.647085
0.027243 0.328913 0.643844
0.062844 0.196169 0.740987
0.061440 0.052316 0.886244
0.063024 0.810272 0.126705
0.000010 0.436300 0.563690
0.014396 0.970802 0.014803
0.084985 0.866586 0.048429
0.000010 0.999980 0.000010
0.123550 0.634281 0.242169
0.000010 0.991264 0.008726
0.133876 0.639509 0.226615
0.023486 0.352418 0.624097
0.159550 0.092311 0.748139
0.011437 0.137305 0.851258
0.091695 0.000010 0.908295
0.000010 0.387425 0.612565
0.124012 0.000010 0.875978
0.134318 0.072624 0.793058
0.029575 0.230957 0.739467
0.171029 0.333361 0.495610
0.011469 0.394473 0.594058
0.048590 0.000010 0.951400
0.034036 0.000010 0.965954
0.111121 0.078209 0.810670
0.000010 0.000010 0.999980
0.167564 0.832426 0.000010
0.002356 0.056686 0.940957
0.029217 0.313452 0.657331
0.092799 0.907191 0.000010
0.064480 0.860855 0.074665
0.080694 0.117294 0.802011
0.000010 0.364525 0.635465
0.064563 0.200160 0.735277
0.018720 0.000010 0.981270
0.059820 0.000010 0.940170
0.047068 0.000010 0.952922
0.049510 0.012780 0.937709
0.003757 0.135227 0.861015
0.116466 0.000010 0.883524
0.015433 0.038729 0.945838
0.047403 0.000010 0.952587
0.037877 0.149389 0.812735
0.099222 0.000010 0.900768
0.110405 0.049749 0.839846
0.182061 0.000010 0.817929
0.089471 0.460488 0.450041
0.048410 0.000010 0.951580
0.000010 0.951000 0.048990
0.000010 0.492517 0.507473
0.036123 0.457062 0.506815
0.053298 0.895206 0.051497
0.012016 0.203312 0.784671
0.053352 0.000010 0.946638
0.056024 0.147479 0.796498
0.001226 0.000010 0.998764
0.000010 0.223220 0.776770
0.000010 0.160082 0.839908
0.119565 0.012845 0.867590
0.105918 0.026063 0.868019
0.050523 0.338119 0.611357
0.110864 0.000010 0.889126
0.000010 0.059903 0.940087
0.072170 0.098835 0.828995
0.084486 0.069678 0.845836
0.000010 0.050383 0.949607
0.000010 0.190663 0.809327
0.033525 0.100039 0.866436
0.031460 0.081721 0.886819
0.044526 0.133744 0.821731
0.016897 0.068724 0.914380
0.048901 0.137960 0.813139
0.104927 0.266675 0.628398
0.013262 0.231378 0.755361
0.018064 0.000010 0.981926
0.212510 0.335511 0.451979
0.051667 0.153297 0.795035
0.011771 0.120062 0.868167
0.000010 0.331311 0.668679
0.262157 0.481164 0.256679
0.000010 0.000010 0.999980
0.047506 0.448631 0.503863
0.129321 0.434487 0.436192
0.001715 0.328120 0.670165
0.000010 0.330105 0.669885
0.084649 0.101255 0.814096
0.257881 0.302350 0.439769
0.052874 0.050131 0.896995
0.279685 0.384856 0.335459
0.252365 0.372615 0.375020
0.260967 0.333088 0.405945
0.192703 0.424233 0.383065
0.029328 0.386344 0.584329
0.167246 0.051065 0.781689
0.086828 0.243175 0.669997
0.217614 0.438375 0.344010
0.151918 0.089156 0.758926
0.029736 0.478259 0.492006
0.164413 0.622079 0.213509
0.273336 0.144498 0.582166
0.030144 0.117356 0.852500
0.092137 0.184964 0.722900
0.038877 0.408405 0.552719
0.476609 0.233377 0.290014
0.010374 0.582853 0.406773
0.211916 0.169849 0.618235
0.109798 0.168542 0.721659
0.045941 0.056956 0.897103
0.183679 0.618092 0.198229
0.143304 0.343152 0.513544
0.017735 0.683114 0.299151
0.133880 0.380397 0.485723
0.115419 0.401410 0.483171
0.191210 0.460087 0.348703
0.058736 0.228800 0.712465
0.296087 0.272027 0.431886
0.267948 0.464309 0.267744
0.162565 0.456584 0.380851
0.525752 0.251940 0.222308
0.057079 0.348646 0.594275
0.157281 0.439472 0.403247
0.329931 0.168694 0.501375
0.184684 0.225458 0.589858
0.062078 0.119516 0.818406
0.132318 0.478108 0.389574
0.386929 0.166712 0.446358
0.652080 0.264235 0.083685
0.966739 0.027373 0.005888
0.181659 0.073023 0.745318
0.107582 0.349895 0.542523
0.807199 0.153512 0.039290
0.452506 0.204160 0.343334
0.468591 0.023416 0.507993
0.622169 0.171184 0.206648
0.836382 0.163608 0.000010
0.761253 0.098104 0.140643
0.948563 0.000010 0.051427
0.571690 0.179724 0.248586
0.533777 0.165624 0.300599
0.556227 0.146754 0.297018
0.467234 0.144672 0.388095
0.554205 0.302674 0.143120
0.976058 0.000010 0.023932
0.744006 0.255984 0.000010
0.770706 0.080483 0.148811
0.330529 0.100931 0.568540
0.309183 0.383132 0.307686
0.308609 0.042722 0.648669
0.933649 0.023994 0.042356
0.887121 0.112869 0.000010
0.999980 0.000010 0.000010
0.630622 0.123269 0.246109
0.458957 0.230467 0.310576
0.693825 0.085880 0.220295
0.356782 0.103335 0.539883
0.633215 0.134845 0.231940
0.180264 0.397274 0.422462
0.086002 0.121952 0.792046
0.415560 0.365246 0.219194
0.542331 0.180434 0.277235
0.000010 0.000010 0.999980
0.277580 0.221981 0.500439
0.189708 0.292895 0.517398
0.051976 0.477188 0.470836
0.151186 0.236431 0.612383
0.107771 0.095100 0.797130
0.033051 0.330840 0.636109
0.756052 0.243938 0.000010
0.575135 0.081541 0.343324
0.244680 0.228349 0.526971
0.076985 0.000010 0.923005
0.448521 0.265466 0.286013
0.170135 0.156362 0.673503
0.182058 0.280041 0.537901
0.475552 0.348797 0.175651
0.150046 0.187620 0.662334
0.018943 0.413429 0.567628
0.286800 0.334652 0.378548
0.080160 0.424344 0.495496
0.151406 0.240726 0.607868
0.057528 0.373654 0.568818
0.296075 0.570116 0.133809
0.953694 0.000010 0.046296
0.169751 0.497941 0.332307
0.238510 0.083467 0.678024
0.152614 0.017655 0.829731
0.013134 0.387685 0.599181
0.043629 0.064962 0.891410
0.028328 0.431767 0.539905
0.508166 0.000010 0.491824
0.280697 0.473039 0.246264
0.366681 0.178389 0.454930
0.426832 0.123483 0.449685
0.229569 0.312401 0.458030
0.553031 0.190480 0.256489
0.475833 0.189310 0.334857
0.129449 0.194779 0.675771
0.177904 0.258654 0.563441
0.253285 0.267880 0.478835
0.261758 0.180656 0.557585
0.180705 0.159438 0.659857
0.118449 0.225366 0.656185
0.351968 0.203758 0.444274
0.811882 0.048247 0.139870
0.640487 0.004279 0.355234
0.519309 0.065902 0.414788
0.774451 0.000010 0.225539
0.695617 0.106461 0.197923
0.642136 0.289365 0.068499
0.584932 0.108668 0.306400
0.629243 0.302003 0.068754
0.311269 0.094193 0.594537
0.685412 0.314578 0.000010
0.268145 0.608806 0.123050
0.088519 0.435515 0.475966
0.074556 0.324023 0.601421
0.234619 0.368323 0.397058
0.449535 0.321165 0.229300
0.345596 0.011846 0.642558
0.129371 0.471283 0.399346
0.288809 0.414009 0.297181
0.074458 0.256326 0.669216
0.070707 0.106641 0.822651
0.045930 0.185181 0.768889
0.241605 0.484795 0.273599
0.104821 0.433243 0.461936
0.283990 0.494215 0.221795
0.222786 0.476061 0.301153
0.167459 0.238706 0.593835
0.092814 0.000010 0.907176
0.101887 0.270661 0.627452
0.589264 0.137151 0.273585
0.150121 0.000010 0.849869
0.556197 0.327205 0.116598
0.195745 0.330732 0.473522
0.266776 0.332323 0.400901
0.025904 0.048490 0.925607
0.206695 0.332196 0.461109
0.104919 0.585879 0.309202
0.289090 0.454788 0.256122
0.316726 0.179129 0.504145
0.133973 0.709664 0.156362
0.128488 0.388925 0.482586
0.365640 0.121097 0.513263
0.655349 0.169397 0.175254
0.000010 0.320107 0.679883
0.155561 0.682752 0.161686
0.550299 0.301958 0.147743
0.999980 0.000010 0.000010
0.968267 0.000010 0.031723
0.809973 0.032080 0.157947
0.333763 0.427462 0.238775
0.544493 0.050061 0.405446
0.779255 0.038841 0.181904
0.374305 0.455883 0.169812
0.088091 0.489646 0.422263
0.775252 0.224738 0.000010
0.309738 0.292554 0.397708
0.547750 0.365979 0.086271
0.460043 0.422875 0.117082
0.888242 0.049997 0.061761
0.082570 0.059387 0.858043
0.562728 0.000010 0.437262
0.671115 0.000010 0.328875
0.574363 0.425627 0.000010
0.436828 0.261420 0.301752
0.915774 0.049200 0.035026
0.900573 0.000010 0.099417
0.962783 0.000010 0.037207
0.264566 0.077966 0.657468
0.338615 0.548704 0.112681
0.931827 0.000010 0.068163
0.000010 0.293608 0.706382
0.031973 0.206005 0.762022
0.124179 0.177738 0.698083
0.745393 0.072620 0.181988
0.583861 0.116010 0.300129
0.810687 0.144317 0.044996
0.075795 0.419848 0.504357
0.249236 0.085978 0.664786
0.895685 0.000010 0.104305
0.877037 0.000010 0.122953
0.650773 0.000010 0.349217
0.027049 0.233516 0.739435
0.568413 0.040542 0.391045
0.172133 0.151900 0.675967
0.658350 0.290021 0.051628
0.086754 0.479621 0.433626
0.056196 0.134968 0.808836
0.825421 0.071811 0.102768
0.103791 0.046370 0.849838
0.418873 0.000010 0.581117
0.154115 0.008134 0.837751
0.393895 0.299304 0.306801
0.102330 0.407060 0.490610
0.037420 0.407263 0.555317
0.161952 0.239835 0.598213
0.013963 0.358879 0.627157
0.022570 0.326276 0.651154
0.000010 0.718160 0.281830
0.002624 0.104334 0.893042
0.030984 0.247490 0.721526
0.024446 0.065996 0.909559
0.000010 0.000010 0.999980
0.090700 0.197448 0.711852
0.098816 0.000010 0.901174
0.064708 0.053326 0.881965
0.039563 0.539571 0.420866
0.036081 0.210462 0.753457
0.000010 0.005342 0.994648
0.032567 0.233056 0.734377
0.895196 0.011535 0.093269
0.610594 0.121509 0.267897
0.105384 0.308619 0.585997
0.267678 0.462921 0.269402
0.068451 0.000010 0.931539
0.058709 0.228372 0.712918
0.087109 0.045217 0.867674
0.068588 0.057103 0.874309
0.055428 0.061169 0.883403
0.009225 0.157434 0.833340
0.000010 0.271793 0.728197
0.074614 0.316272 0.609114
0.008784 0.049032 0.942184
0.131705 0.341600 0.526694
0.077157 0.242877 0.679966
0.039481 0.000010 0.960509
0.191986 0.172708 0.635306
0.046610 0.158228 0.795161
0.098915 0.147676 0.753408
0.030337 0.460851 0.508812
0.029923 0.263126 0.706951
0.096702 0.734922 0.168376
0.162708 0.000010 0.837282
0.092964 0.035490 0.871546
0.051716 0.049248 0.899036
0.000010 0.244394 0.755596
0.471468 0.346745 0.181786
0.838369 0.089373 0.072258
0.966403 0.000010 0.033587
0.872077 0.000010 0.127913
0.999980 0.000010 0.000010
0.965349 0.034641 0.000010
0.999971 0.000019 0.000010
0.330213 0.165865 0.503922
0.041511 0.246017 0.712471
0.025505 0.000010 0.974485
0.073596 0.044415 0.881988
0.149427 0.378629 0.471943
0.034374 0.000010 0.965616
0.369929 0.237756 0.392315
0.236283 0.054169 0.709548
0.098795 0.007006 0.894199
0.109868 0.665734 0.224398
0.132915 0.444124 0.422962
0.000010 0.097343 0.902647
0.136593 0.070003 0.793405
0.930573 0.060598 0.008829
0.018638 0.124428 0.856934
0.607381 0.369313 0.023306
0.761278 0.066938 0.171784
0.079752 0.044770 0.875477
0.265465 0.200700 0.533835
0.206082 0.200931 0.592987
0.677311 0.290170 0.032519
0.072736 0.636085 0.291179
0.176557 0.262923 0.560520
0.052819 0.372589 0.574592
0.146800 0.045354 0.807846
0.000010 0.055440 0.944550
0.155123 0.185469 0.659409
0.121180 0.549251 0.329569
0.122112 0.361577 0.516311
0.518893 0.093392 0.387715
0.409103 0.286748 0.304149
0.214882 0.412227 0.372890
0.927185 0.072805 0.000010
0.182322 0.017820 0.799858
0.999980 0.000010 0.000010
0.999980 0.000010 0.000010
0.677070 0.000010 0.322920
0.236033 0.203169 0.560798
0.109561 0.470815 0.419624
0.240457 0.649255 0.110288
0.117701 0.668478 0.213821
0.269479 0.566177 0.164345
0.402908 0.394141 0.202951
0.068308 0.649093 0.282599
0.231434 0.482922 0.285644
0.419757 0.301466 0.278777
0.394656 0.276337 0.329007
0.321986 0.314455 0.363559
0.191589 0.359182 0.449229
0.090131 0.593317 0.316552
0.256784 0.565121 0.178095
0.124438 0.820816 0.054746
