0.016081 0.000010 0.000010 0.000010 0.672044 0.311845
0.012298 0.072263 0.492951 0.000010 0.218995 0.203483
0.027610 0.118140 0.377628 0.000010 0.476602 0.000010
0.018061 0.000010 0.015665 0.000010 0.746708 0.219546
0.009031 0.043793 0.440333 0.000010 0.431814 0.075018
0.038980 0.000010 0.924583 0.000010 0.036408 0.000010
0.000010 0.000010 0.391836 0.426653 0.170159 0.011332
0.015517 0.111287 0.000010 0.000010 0.282212 0.590965
0.056411 0.063705 0.000010 0.023506 0.621934 0.234434
0.032814 0.062977 0.463208 0.000010 0.440981 0.000010
0.022697 0.000010 0.930411 0.000010 0.046862 0.000010
0.000010 0.000010 0.576175 0.000010 0.349578 0.074217
0.011897 0.000010 0.556781 0.000010 0.290335 0.140967
0.000010 0.000010 0.252218 0.320587 0.427165 0.000010
0.000010 0.000010 0.315784 0.431990 0.252196 0.000010
0.029588 0.000010 0.485583 0.000010 0.349051 0.135758
0.000010 0.151622 0.764234 0.000010 0.084114 0.000010
0.000010 0.019577 0.588542 0.000010 0.359899 0.031963
0.085555 0.000010 0.498975 0.000010 0.415440 0.000010
0.000010 0.190678 0.000010 0.000010 0.765322 0.043970
0.040563 0.000010 0.000010 0.000010 0.852305 0.107103
0.043900 0.030535 0.023289 0.000010 0.785616 0.116650
0.040212 0.025663 0.000010 0.000010 0.862466 0.071639
0.073231 0.016507 0.492867 0.017494 0.399892 0.000010
0.049276 0.000010 0.023249 0.000010 0.714816 0.212640
0.000010 0.047436 0.003110 0.000010 0.853187 0.096246
0.074631 0.168487 0.326872 0.000010 0.429990 0.000010
0.000010 0.183497 0.231596 0.414644 0.170243 0.000010
0.000010 0.068196 0.509238 0.000010 0.343789 0.078757
0.060300 0.000010 0.028208 0.000010 0.755798 0.155674
0.077126 0.000010 0.533276 0.000010 0.389568 0.000010
0.008915 0.000010 0.541887 0.000010 0.359297 0.089880
0.061774 0.013158 0.012476 0.000010 0.912573 0.000010
0.022799 0.000010 0.829245 0.000010 0.000010 0.147926
0.014433 0.000010 0.012285 0.000010 0.906542 0.066720
0.046576 0.045740 0.435808 0.000010 0.394359 0.077508
0.029431 0.002429 0.474044 0.000010 0.494077 0.000010
0.000010 0.000010 0.000010 0.435578 0.560040 0.004352
0.000010 0.000010 0.307170 0.004783 0.665841 0.022187
0.258203 0.119573 0.000010 0.305410 0.000010 0.316794
0.013927 0.000010 0.452209 0.012711 0.439484 0.081660
0.101260 0.000010 0.168821 0.000010 0.000010 0.729889
0.005019 0.000010 0.034491 0.002609 0.766966 0.190905
0.000010 0.000010 0.000010 0.477713 0.470786 0.051471
0.010398 0.250031 0.261004 0.000010 0.000010 0.478547
0.013176 0.014387 0.482422 0.000010 0.071161 0.418845
0.139389 0.105503 0.352095 0.007799 0.000010 0.395204
0.000010 0.000010 0.399069 0.426783 0.174118 0.000010
0.000010 0.053699 0.412696 0.000010 0.533574 0.000010
0.000010 0.454716 0.163366 0.000010 0.253606 0.128292
0.000010 0.439034 0.116783 0.028919 0.113084 0.302170
0.064966 0.092621 0.000010 0.002733 0.339861 0.499809
0.000010 0.214738 0.174924 0.407959 0.000010 0.202359
0.000010 0.125363 0.000010 0.000010 0.497555 0.377052
0.000010 0.026306 0.000010 0.452187 0.039394 0.482093
0.067072 0.374158 0.000010 0.000010 0.020144 0.538606
0.088212 0.042275 0.000010 0.000010 0.040531 0.828962
0.079152 0.000010 0.328540 0.000010 0.000010 0.592278
0.000010 0.382297 0.203778 0.000010 0.197723 0.216182
0.000011 0.336861 0.203236 0.000010 0.000010 0.459872
0.109683 0.007092 0.000010 0.008419 0.230752 0.644044
0.024621 0.027081 0.278826 0.000010 0.034850 0.634612
0.008268 0.064347 0.000010 0.000010 0.203649 0.723715
0.000010 0.188513 0.000010 0.007741 0.240999 0.562726
0.138872 0.065635 0.000010 0.005272 0.205114 0.585097
0.000010 0.505476 0.136970 0.000010 0.000010 0.357524
0.000010 0.159822 0.444312 0.000010 0.000010 0.395836
0.000010 0.000010 0.000010 0.370188 0.000010 0.629772
0.077640 0.134552 0.282155 0.003118 0.000010 0.502526
0.000010 0.367016 0.000010 0.000010 0.127329 0.505625
0.010914 0.000010 0.152824 0.380649 0.000010 0.455593
0.000010 0.330261 0.286289 0.000010 0.000010 0.383420
0.049975 0.240186 0.175610 0.000010 0.000010 0.534209
0.000010 0.254236 0.000010 0.367997 0.000010 0.377736
0.160586 0.000010 0.000010 0.000010 0.000010 0.839374
0.000010 0.262074 0.000010 0.017306 0.334980 0.385619
0.047067 0.000010 0.000010 0.369317 0.023941 0.559655
0.000010 0.507353 0.000010 0.000010 0.090194 0.402422
0.054433 0.067688 0.000010 0.000010 0.114868 0.762991
0.000010 0.619862 0.089397 0.000010 0.000010 0.290711
0.000010 0.078562 0.000010 0.000010 0.321371 0.600037
0.000010 0.450818 0.188490 0.000010 0.000010 0.360662
0.057760 0.011064 0.329670 0.328382 0.000010 0.273115
0.013263 0.174533 0.000010 0.012534 0.519969 0.279691
0.000010 0.000010 0.000010 0.394821 0.098984 0.506164
0.000010 0.289627 0.409139 0.000010 0.000010 0.301203
0.000010 0.000010 0.000010 0.331411 0.000010 0.668549
0.042018 0.161894 0.000010 0.407405 0.077352 0.311321
0.000010 0.086816 0.190205 0.000010 0.000010 0.722949
0.000010 0.000010 0.214446 0.373103 0.405462 0.006969
0.044752 0.000010 0.000010 0.420847 0.289511 0.244870
0.000010 0.248707 0.000010 0.000010 0.751253 0.000010
0.060233 0.041104 0.414599 0.000010 0.398858 0.085197
0.094474 0.262679 0.339463 0.000858 0.086240 0.216286
0.016539 0.000010 0.497820 0.000010 0.382010 0.103610
0.014430 0.000010 0.000010 0.399191 0.586349 0.000010
0.036781 0.158585 0.354937 0.000010 0.383906 0.065780
0.036181 0.000010 0.034467 0.000010 0.665564 0.263768
0.032834 0.169161 0.433544 0.000010 0.288538 0.075913
0.000010 0.000010 0.393951 0.376020 0.229999 0.000010
0.057483 0.174367 0.396398 0.000010 0.371732 0.000010
0.015212 0.000010 0.474218 0.000010 0.510540 0.000010
0.002305 0.050946 0.517855 0.000010 0.342447 0.086437
0.144861 0.156328 0.000010 0.000010 0.150513 0.548278
0.000010 0.182125 0.386199 0.323937 0.000010 0.107719
0.000010 0.000010 0.000010 0.442037 0.023995 0.533938
0.002658 0.081814 0.000010 0.000010 0.121607 0.793901
0.027643 0.243748 0.298418 0.000010 0.000010 0.430171
0.000010 0.383328 0.214436 0.000010 0.000010 0.402206
0.038354 0.000010 0.000010 0.000010 0.084637 0.876979
0.057756 0.228923 0.000010 0.018553 0.105271 0.589487
0.000010 0.174538 0.737412 0.007170 0.000010 0.080860
0.000010 0.000010 0.000010 0.000010 0.266100 0.733860
0.000010 0.250671 0.282257 0.000010 0.025433 0.441620
0.000010 0.000010 0.440474 0.000010 0.000010 0.559486
0.035707 0.127614 0.000010 0.000010 0.131453 0.705206
0.032339 0.000010 0.000010 0.000010 0.055506 0.912125
0.000010 0.281160 0.149241 0.387088 0.000010 0.182492
0.028961 0.194561 0.000010 0.000010 0.117836 0.658622
0.000010 0.356635 0.427523 0.000010 0.000010 0.215812
0.026456 0.004544 0.132757 0.013041 0.125993 0.697208
0.000010 0.000010 0.000010 0.318950 0.000010 0.681010
0.034959 0.100468 0.000010 0.000010 0.318379 0.546174
0.000010 0.544410 0.000010 0.000010 0.110386 0.345174
0.000010 0.049449 0.135897 0.000010 0.000010 0.814624
0.000010 0.396673 0.000010 0.000010 0.124028 0.479269
0.046757 0.000010 0.006609 0.015085 0.931529 0.000010
0.107608 0.000010 0.016662 0.000010 0.770152 0.105559
0.041724 0.063638 0.537418 0.000492 0.356718 0.000010
0.000010 0.018609 0.479971 0.000010 0.265937 0.235462
0.036153 0.000010 0.452756 0.000010 0.354111 0.156961
0.000010 0.000010 0.000010 0.436185 0.563775 0.000010
0.053230 0.039444 0.417122 0.000010 0.430602 0.059592
0.066560 0.102084 0.237719 0.487584 0.051517 0.054536
0.035332 0.215971 0.000010 0.748668 0.000010 0.000010
0.000010 0.300569 0.241941 0.019847 0.000282 0.437351
0.080452 0.037080 0.013411 0.000010 0.221323 0.647723
0.000010 0.276926 0.203083 0.342557 0.000010 0.177414
0.148494 0.419087 0.000010 0.006421 0.395901 0.030088
0.144475 0.323693 0.000010 0.010715 0.084894 0.436213
0.050431 0.729182 0.000010 0.000010 0.047957 0.172409
0.000010 0.034361 0.217217 0.336641 0.000010 0.411761
0.000010 0.353253 0.232143 0.000010 0.000010 0.414574
0.023861 0.000010 0.400888 0.411952 0.156223 0.007065
0.006855 0.000010 0.000010 0.379619 0.502972 0.110534
0.000010 0.000010 0.000010 0.461671 0.538289 0.000010
0.019911 0.000010 0.421961 0.307729 0.250379 0.000010
0.026957 0.049975 0.000010 0.000010 0.842729 0.080319
0.000010 0.322840 0.000010 0.000010 0.199558 0.477572
0.000010 0.199208 0.000010 0.000010 0.594285 0.206476
0.000010 0.356300 0.202336 0.000010 0.000010 0.441334
0.014458 0.333479 0.109159 0.000010 0.000010 0.542884
0.000010 0.416058 0.000010 0.000010 0.069103 0.514809
0.058187 0.000010 0.011051 0.000010 0.232663 0.698079
0.000010 0.602464 0.080734 0.000010 0.000010 0.316771
0.077390 0.173874 0.000010 0.000010 0.263122 0.485594
0.000010 0.232389 0.343495 0.000010 0.285162 0.138934
0.094143 0.009376 0.000010 0.000010 0.706411 0.190049
0.000010 0.096873 0.023910 0.000010 0.778910 0.100287
0.017721 0.000010 0.918160 0.000010 0.000010 0.064089
0.000010 0.000010 0.000010 0.420476 0.539552 0.039942
0.079574 0.000010 0.034207 0.000010 0.835398 0.050801
0.073961 0.055398 0.397249 0.000010 0.393778 0.079605
0.011015 0.036737 0.012317 0.000010 0.693357 0.246562
0.104710 0.065788 0.000010 0.000010 0.520104 0.309379
0.000010 0.049556 0.332917 0.012332 0.250131 0.355055
0.000010 0.000010 0.976385 0.000010 0.000010 0.023575
0.000010 0.000010 0.570034 0.000010 0.372643 0.057293
0.054353 0.135663 0.377796 0.000010 0.431263 0.000915
0.000010 0.000010 0.459474 0.000010 0.540486 0.000010
0.055709 0.145666 0.000010 0.798595 0.000010 0.000010
0.000010 0.015333 0.448497 0.009325 0.454979 0.071855
0.000010 0.317840 0.000010 0.000010 0.682120 0.000010
0.026126 0.475566 0.000010 0.336348 0.000010 0.161939
0.008783 0.000010 0.054894 0.000010 0.000010 0.936293
0.034580 0.050218 0.452889 0.000010 0.346573 0.115729
0.000010 0.000010 0.000010 0.452810 0.516240 0.030920
0.026824 0.036263 0.010232 0.000010 0.692690 0.233981
0.000010 0.046356 0.529675 0.000010 0.423939 0.000010
0.010197 0.036415 0.909798 0.000014 0.043566 0.000010
0.000010 0.000010 0.999950 0.000010 0.000010 0.000010
0.021058 0.026823 0.002101 0.000010 0.911135 0.038874
0.000010 0.000010 0.885515 0.000010 0.000010 0.114445
0.075747 0.000010 0.000010 0.000010 0.910807 0.013416
0.000010 0.078305 0.289631 0.000010 0.620089 0.011956
0.025721 0.000010 0.974239 0.000010 0.000010 0.000010
0.000010 0.023199 0.836441 0.000010 0.000010 0.140330
0.069997 0.000010 0.404366 0.000010 0.525606 0.000010
0.048588 0.000010 0.014431 0.000010 0.747531 0.189431
0.139462 0.000010 0.472933 0.004628 0.338839 0.044129
0.035580 0.150191 0.482080 0.000010 0.000010 0.332129
0.034189 0.000010 0.488795 0.000010 0.474148 0.002849
0.000010 0.120826 0.005497 0.837421 0.000010 0.036236
0.000010 0.000010 0.295364 0.704596 0.000010 0.000010
0.000010 0.030017 0.390246 0.000010 0.115617 0.464100
0.011751 0.228169 0.000010 0.000010 0.097560 0.662500
0.000010 0.077858 0.825098 0.000010 0.000010 0.097014
0.013449 0.038739 0.355611 0.000010 0.592181 0.000010
0.017336 0.024354 0.000010 0.000010 0.753536 0.204754
0.000010 0.006281 0.416158 0.007132 0.559306 0.011114
0.000010 0.000010 0.782701 0.217259 0.000010 0.000010
0.000010 0.000010 0.782885 0.217075 0.000010 0.000010
0.056526 0.000010 0.022447 0.000010 0.774291 0.146716
0.055763 0.034335 0.434428 0.007279 0.434210 0.033985
0.018699 0.004729 0.027531 0.000010 0.540225 0.408807
0.071832 0.023954 0.895970 0.000010 0.008224 0.000010
0.000010 0.119339 0.880621 0.000010 0.000010 0.000010
0.014032 0.146704 0.371015 0.000010 0.459937 0.008302
0.007918 0.208791 0.337823 0.000010 0.445448 0.000010
0.000010 0.024586 0.907189 0.000010 0.022117 0.046088
0.000010 0.018517 0.660809 0.283695 0.036960 0.000010
0.000010 0.022666 0.030690 0.006967 0.813567 0.126100
0.000010 0.080263 0.919697 0.000010 0.000010 0.000010
0.000010 0.011187 0.024321 0.000010 0.727300 0.237172
0.000010 0.050498 0.314944 0.001629 0.590675 0.042245
0.011704 0.000010 0.022151 0.000010 0.750172 0.215953
0.051706 0.117760 0.450763 0.013946 0.180029 0.185796
0.000010 0.160691 0.357554 0.000010 0.378380 0.103356
0.000010 0.000010 0.936850 0.000010 0.063110 0.000010
0.136595 0.000010 0.000010 0.454262 0.409113 0.000010
0.023362 0.000010 0.414331 0.000010 0.357529 0.204758
0.000010 0.000010 0.478510 0.000010 0.331555 0.189906
0.000010 0.000010 0.269994 0.442651 0.287324 0.000010
0.194461 0.067078 0.334603 0.000010 0.000010 0.403838
0.000010 0.000010 0.925867 0.000010 0.074093 0.000010
0.003658 0.201394 0.321420 0.006397 0.190437 0.276694
0.058291 0.117107 0.000010 0.000010 0.502488 0.322094
0.000010 0.006308 0.428113 0.000010 0.214826 0.350734
0.000010 0.000010 0.352009 0.442906 0.205055 0.000010
0.045027 0.044195 0.475056 0.030853 0.337481 0.067388
0.184384 0.061896 0.000010 0.021623 0.488928 0.243158
0.014655 0.045301 0.503086 0.000010 0.353614 0.083333
0.206833 0.195141 0.000010 0.005015 0.377125 0.215876
0.205519 0.000010 0.000010 0.374884 0.331542 0.088034
0.192889 0.132436 0.286075 0.314168 0.074423 0.000010
0.137837 0.000010 0.034666 0.474970 0.265623 0.086895
0.007904 0.025526 0.388057 0.370394 0.116105 0.092015
0.112239 0.021557 0.387959 0.004107 0.394428 0.079711
0.025524 0.163281 0.307240 0.000010 0.358757 0.145189
0.159397 0.143222 0.256748 0.432899 0.007724 0.000010
0.099373 0.000010 0.452899 0.000010 0.304176 0.143532
0.000010 0.178556 0.304455 0.432872 0.084097 0.000010
0.064753 0.058585 0.000010 0.876632 0.000010 0.000010
0.199417 0.000010 0.027173 0.000010 0.539105 0.234285
0.000010 0.043956 0.031289 0.000010 0.811752 0.112983
0.027123 0.004418 0.019967 0.000010 0.688992 0.259490
0.000010 0.130291 0.000010 0.000010 0.573995 0.295683
0.380802 0.103833 0.000010 0.000010 0.366797 0.148547
0.000010 0.068471 0.319667 0.437757 0.000010 0.174085
0.143063 0.003913 0.488491 0.014038 0.104365 0.246130
0.043135 0.104410 0.731257 0.000010 0.000010 0.121178
0.005479 0.000010 0.465555 0.000010 0.381524 0.147423
0.095463 0.336850 0.000010 0.000010 0.258823 0.308844
0.066253 0.381036 0.287950 0.011738 0.253012 0.000010
0.000010 0.000010 0.000010 0.360937 0.242652 0.396381
0.071705 0.130777 0.370860 0.339262 0.065887 0.021509
0.055055 0.046586 0.000010 0.503866 0.385843 0.008639
0.115750 0.270848 0.284325 0.324220 0.004847 0.000010
0.029342 0.022567 0.040176 0.080612 0.632835 0.194468
0.212767 0.212365 0.028383 0.062173 0.417638 0.066673
0.196335 0.261155 0.218080 0.085470 0.079177 0.159782
0.088363 0.234170 0.000010 0.277095 0.400351 0.000010
0.420494 0.211629 0.367848 0.000010 0.000010 0.000010
0.005903 0.016151 0.000010 0.000010 0.598566 0.379360
0.087068 0.265146 0.000010 0.000010 0.429982 0.217784
0.244913 0.093684 0.000010 0.013397 0.522883 0.125112
0.091919 0.242164 0.000010 0.016103 0.649794 0.000010
0.019763 0.104064 0.616982 0.045281 0.213899 0.000010
0.075401 0.163260 0.323115 0.009289 0.074709 0.354226
0.316309 0.037012 0.450709 0.009166 0.000010 0.186794
0.564122 0.000010 0.000010 0.435838 0.000010 0.000010
0.835023 0.000010 0.000010 0.000010 0.089987 0.074960
0.121252 0.048260 0.076472 0.020508 0.650384 0.083125
0.057408 0.065353 0.000010 0.000010 0.538878 0.338340
0.716158 0.000010 0.000010 0.000010 0.115179 0.168633
0.378590 0.082723 0.227895 0.061139 0.137621 0.112031
0.390460 0.061609 0.249812 0.008992 0.289116 0.000010
0.537021 0.049864 0.114609 0.071230 0.129997 0.097280
0.752157 0.000010 0.027606 0.045468 0.001244 0.173515
0.676096 0.089021 0.020562 0.009162 0.179900 0.025259
0.838388 0.000010 0.000010 0.006627 0.154955 0.000010
0.494999 0.056334 0.253629 0.077536 0.034823 0.082680
0.454551 0.091126 0.233366 0.060760 0.103800 0.056397
0.474659 0.075964 0.146772 0.004756 0.191271 0.106578
0.389193 0.071036 0.275285 0.028122 0.139135 0.097228
0.468478 0.168366 0.000010 0.021862 0.206833 0.134451
0.873058 0.000010 0.126902 0.000010 0.000010 0.000010
0.671653 0.000010 0.000010 0.328307 0.000010 0.000010
0.669177 0.077629 0.041204 0.034202 0.177777 0.000010
0.269961 0.073022 0.591816 0.014476 0.000010 0.050716
0.253249 0.128716 0.266548 0.317570 0.016037 0.017880
0.250160 0.036890 0.268995 0.035874 0.408071 0.000010
0.823154 0.069811 0.106162 0.000853 0.000010 0.000010
0.817327 0.000010 0.000010 0.182633 0.000010 0.000010
0.863551 0.031866 0.000010 0.000010 0.104553 0.000010
0.560931 0.000010 0.298147 0.103830 0.000010 0.037072
0.414713 0.004849 0.313332 0.267087 0.000010 0.000010
0.605561 0.036928 0.000010 0.000010 0.286952 0.070538
0.279446 0.155649 0.473184 0.000010 0.091701 0.000010
0.543021 0.081212 0.046273 0.033458 0.242207 0.053829
0.143975 0.000010 0.005600 0.437670 0.323032 0.089713
0.046776 0.001200 0.422181 0.037381 0.356701 0.135762
0.322991 0.163391 0.000010 0.291044 0.222553 0.000010
0.465278 0.000010 0.060708 0.150396 0.241110 0.082498
0.000010 0.000010 0.884202 0.000010 0.115758 0.000010
0.228526 0.016220 0.325444 0.175419 0.161843 0.092549
0.127746 0.144220 0.061983 0.001304 0.462674 0.202074
0.022159 0.104300 0.381191 0.458767 0.017120 0.016464
0.104746 0.061730 0.259387 0.040161 0.337429 0.196548
0.060419 0.000010 0.465841 0.037583 0.322236 0.113912
0.000010 0.015609 0.097207 0.031660 0.529318 0.326197
0.648971 0.000010 0.099924 0.251075 0.000010 0.000010
0.496894 0.016514 0.392337 0.000010 0.000010 0.094234
0.190172 0.054181 0.370314 0.037062 0.162207 0.186063
0.030110 0.039361 0.493174 0.000010 0.437335 0.000010
0.382165 0.000010 0.007140 0.401295 0.209381 0.000010
0.119861 0.015335 0.137749 0.059645 0.531701 0.135710
0.123328 0.090607 0.131455 0.019077 0.406095 0.229438
0.371370 0.127237 0.244120 0.257253 0.000010 0.000010
0.096286 0.098708 0.389112 0.002596 0.284822 0.128475
0.000010 0.092980 0.517646 0.389344 0.000010 0.000010
0.210361 0.179141 0.112711 0.015146 0.309184 0.173456
0.045815 0.000010 0.013238 0.296533 0.425347 0.219056
0.095915 0.177325 0.370280 0.000010 0.271120 0.085351
0.028256 0.043894 0.130514 0.390980 0.364933 0.041423
0.197808 0.199054 0.000010 0.527915 0.075203 0.000010
0.848094 0.010312 0.000010 0.000010 0.141564 0.000010
0.104957 0.075278 0.000010 0.502397 0.270757 0.046601
0.183520 0.000010 0.051232 0.043966 0.609722 0.111550
0.095171 0.066346 0.000010 0.000010 0.812734 0.025729
0.000010 0.060859 0.000010 0.441250 0.497860 0.000010
0.000010 0.000010 0.896668 0.000999 0.000010 0.102303
0.000010 0.174705 0.535350 0.289915 0.000010 0.000010
0.442418 0.000010 0.310327 0.014133 0.233102 0.000010
0.160861 0.399809 0.000010 0.000010 0.355929 0.083381
0.287397 0.234223 0.402993 0.000010 0.075368 0.000010
0.350252 0.047857 0.364837 0.000010 0.099648 0.137395
0.185818 0.021645 0.325194 0.373881 0.093452 0.000010
0.466644 0.079412 0.000010 0.026796 0.319837 0.107300
0.399695 0.003812 0.003515 0.023959 0.371581 0.197439
0.067533 0.111219 0.468883 0.000010 0.193213 0.159142
0.122369 0.000010 0.039978 0.000010 0.495900 0.341733
0.181894 0.197578 0.273862 0.047331 0.234800 0.064536
0.182502 0.161520 0.337010 0.000010 0.243868 0.075090
0.106518 0.165761 0.206957 0.000010 0.456766 0.063987
0.052769 0.192287 0.490320 0.007888 0.170484 0.086253
0.265497 0.190882 0.189621 0.000010 0.279534 0.074456
0.725343 0.028584 0.224880 0.012616 0.000010 0.008568
0.541516 0.084282 0.326622 0.000010 0.047561 0.000010
0.423504 0.095332 0.478134 0.000010 0.000010 0.003010
0.700882 0.008400 0.282995 0.007703 0.000010 0.000010
0.582746 0.141400 0.000010 0.011838 0.263995 0.000010
0.556464 0.000010 0.000010 0.375240 0.068266 0.000010
0.470722 0.210165 0.244744 0.000010 0.074349 0.000010
0.530691 0.292845 0.000010 0.000010 0.176433 0.000010
0.232454 0.090883 0.288782 0.000010 0.325196 0.062675
0.584750 0.000010 0.000010 0.302047 0.000010 0.113173
0.185311 0.216011 0.000010 0.007966 0.180117 0.410585
0.007520 0.409455 0.362545 0.000010 0.131573 0.088896
0.021175 0.142296 0.664543 0.000010 0.000010 0.171965
0.152602 0.103345 0.000010 0.349379 0.394654 0.000010
0.359357 0.107853 0.018813 0.000010 0.251054 0.262912
0.272380 0.032215 0.000010 0.000010 0.663922 0.031463
0.052390 0.319340 0.000010 0.000010 0.466803 0.161448
0.207777 0.382184 0.350582 0.000010 0.001901 0.057546
0.031537 0.009332 0.240644 0.000010 0.398327 0.320150
0.024781 0.005225 0.417011 0.007559 0.374155 0.171268
0.000010 0.178884 0.374808 0.000010 0.399807 0.046481
0.146624 0.480245 0.000010 0.029306 0.343805 0.000010
0.063512 0.008610 0.000012 0.000010 0.453552 0.474306
0.214133 0.120008 0.233654 0.393475 0.000010 0.038719
0.082396 0.627627 0.185056 0.000010 0.104901 0.000010
0.042101 0.327560 0.000010 0.000010 0.630309 0.000010
0.047378 0.042740 0.835559 0.000010 0.074303 0.000010
0.047812 0.061230 0.415322 0.000010 0.196472 0.279154
0.495284 0.077988 0.000010 0.000010 0.329851 0.096857
0.083966 0.000010 0.000010 0.000010 0.773437 0.142567
0.461953 0.171775 0.198045 0.000010 0.000010 0.168207
0.140298 0.000010 0.026747 0.000010 0.423671 0.409264
0.189888 0.261439 0.000010 0.000833 0.438738 0.109091
0.000010 0.073730 0.870927 0.000010 0.055313 0.000010
0.125500 0.121995 0.000010 0.016440 0.507468 0.228588
0.025292 0.373084 0.224801 0.376803 0.000010 0.000010
0.201188 0.251058 0.000010 0.000010 0.329354 0.218380
0.262778 0.055642 0.392875 0.154097 0.106695 0.027913
0.062634 0.032096 0.045951 0.859299 0.000010 0.000010
0.050778 0.421676 0.371637 0.000010 0.155890 0.000010
0.287075 0.127303 0.334431 0.000010 0.204182 0.047000
0.562655 0.000978 0.248767 0.000010 0.000010 0.187580
0.000010 0.336856 0.663104 0.000010 0.000010 0.000010
0.098935 0.241381 0.178480 0.319420 0.000010 0.161775
0.462609 0.028432 0.053546 0.000010 0.147640 0.307763
0.999950 0.000010 0.000010 0.000010 0.000010 0.000010
0.876739 0.000010 0.000010 0.000010 0.123221 0.000010
0.714064 0.000010 0.000010 0.000010 0.217049 0.068857
0.244270 0.171846 0.000010 0.337139 0.246725 0.000010
0.440456 0.084112 0.000010 0.017072 0.458341 0.000010
0.677433 0.000010 0.000010 0.000010 0.183832 0.138704
0.285625 0.286620 0.000010 0.000010 0.281225 0.146509
0.046182 0.154927 0.000010 0.389765 0.409105 0.000010
0.683756 0.000010 0.000010 0.316204 0.000010 0.000010
0.206488 0.372800 0.292965 0.000010 0.127727 0.000010
0.455323 0.000010 0.000010 0.468775 0.000010 0.075872
0.387715 0.000010 0.000010 0.374127 0.143948 0.094189
0.775234 0.000010 0.000010 0.000010 0.143675 0.081061
0.045199 0.000010 0.057711 0.013379 0.742754 0.140948
0.489425 0.000010 0.014755 0.000010 0.495789 0.000010
0.597218 0.011631 0.385177 0.000010 0.005954 0.000010
0.433223 0.000010 0.000010 0.566737 0.000010 0.000010
0.349159 0.059040 0.000010 0.000010 0.351051 0.240729
0.804169 0.000010 0.000010 0.000010 0.132319 0.063483
0.753367 0.000010 0.246593 0.000010 0.000010 0.000010
0.876117 0.000010 0.000010 0.000010 0.123843 0.000010
0.192809 0.000010 0.559389 0.005945 0.083851 0.157996
0.201031 0.000010 0.017729 0.781210 0.000010 0.000010
0.807316 0.000010 0.192644 0.000010 0.000010 0.000010
0.000010 0.000010 0.450912 0.467585 0.081473 0.000010
0.000010 0.000010 0.443090 0.002156 0.301315 0.253419
0.078204 0.028764 0.452437 0.000010 0.228523 0.212062
0.651799 0.073238 0.000010 0.000010 0.231877 0.043066
0.481746 0.114335 0.000010 0.000010 0.322554 0.081346
0.685536 0.178605 0.000010 0.000010 0.135829 0.000010
0.021182 0.218443 0.244181 0.000077 0.280163 0.235954
0.181834 0.052697 0.126524 0.000010 0.532957 0.105979
0.810953 0.000010 0.189007 0.000010 0.000010 0.000010
0.797993 0.000010 0.201967 0.000010 0.000010 0.000010
0.563106 0.015195 0.000010 0.000010 0.421669 0.000010
0.000010 0.000010 0.000010 0.000010 0.709147 0.290813
0.479942 0.086840 0.328087 0.000010 0.103405 0.001716
0.109057 0.095471 0.409675 0.000010 0.264831 0.120955
0.564904 0.134941 0.000010 0.000010 0.104115 0.196020
0.042501 0.128295 0.473568 0.355616 0.000010 0.000010
0.000010 0.157534 0.834146 0.000010 0.000010 0.008290
0.699925 0.000010 0.000010 0.000010 0.132008 0.168037
0.053312 0.000010 0.000010 0.000010 0.801202 0.145456
0.345187 0.014557 0.000010 0.011634 0.628602 0.000010
0.089727 0.000010 0.026774 0.000010 0.720908 0.162572
0.294922 0.297136 0.000010 0.000010 0.407912 0.000010
0.072430 0.087347 0.361827 0.434820 0.043566 0.000010
0.000010 0.000010 0.000010 0.354081 0.517330 0.128559
0.098861 0.118012 0.430382 0.002187 0.183446 0.167111
0.000010 0.000010 0.000010 0.457660 0.542300 0.000010
0.000010 0.067458 0.275951 0.357061 0.299510 0.000010
0.000010 0.206143 0.000010 0.445056 0.210047 0.138734
0.000010 0.000010 0.922909 0.000010 0.000010 0.077051
0.000010 0.167838 0.369721 0.000010 0.345841 0.116580
0.000010 0.000010 0.525653 0.000010 0.330846 0.143471
0.000010 0.007531 0.418559 0.000010 0.573880 0.000010
0.040507 0.014159 0.000461 0.000010 0.697385 0.247477
0.068314 0.000010 0.437762 0.000010 0.481245 0.012659
0.015125 0.000010 0.016802 0.000010 0.795342 0.172711
0.000010 0.334357 0.389872 0.275741 0.000010 0.000010
0.000010 0.178573 0.417196 0.000403 0.317577 0.086242
0.000010 0.000010 0.535617 0.000010 0.384770 0.079582
0.000010 0.000010 0.636942 0.363018 0.000010 0.000010
0.799981 0.000010 0.168069 0.000010 0.000010 0.031920
0.503858 0.000010 0.313911 0.000010 0.000010 0.182201
0.049946 0.170598 0.338282 0.000010 0.262391 0.178773
0.190552 0.386316 0.319651 0.000010 0.000010 0.103461
0.035173 0.000010 0.482400 0.000010 0.450608 0.031800
0.000010 0.204972 0.721540 0.000010 0.000010 0.073458
0.030180 0.000010 0.000010 0.000010 0.825880 0.143910
0.023734 0.000010 0.528364 0.016822 0.319477 0.111593
0.005005 0.000010 0.423230 0.000010 0.420704 0.151040
0.000010 0.004185 0.000010 0.000010 0.804410 0.191375
0.000010 0.000773 0.252043 0.391417 0.355748 0.000010
0.017440 0.070001 0.359860 0.380876 0.171814 0.000010
0.000010 0.030030 0.929177 0.000010 0.000010 0.040763
0.080402 0.000010 0.000010 0.462287 0.457281 0.000010
0.034302 0.000010 0.431272 0.000010 0.236126 0.298279
0.012030 0.013176 0.974764 0.000010 0.000010 0.000010
0.126048 0.059597 0.000010 0.021414 0.679776 0.113155
0.013404 0.000010 0.481587 0.000010 0.264466 0.240523
0.055064 0.034956 0.420216 0.000010 0.315757 0.173997
0.000010 0.044218 0.505445 0.347426 0.000010 0.102892
0.000010 0.011305 0.377545 0.000010 0.312581 0.298549
0.017805 0.000010 0.182792 0.400739 0.000010 0.398644
0.097819 0.000010 0.000010 0.000010 0.782569 0.119582
0.038055 0.000010 0.590788 0.000010 0.241459 0.129678
0.018871 0.000010 0.509583 0.000010 0.370359 0.101166
0.000010 0.212405 0.353662 0.000010 0.405169 0.028745
0.379997 0.000010 0.000010 0.494696 0.125276 0.000010
0.742618 0.088156 0.000010 0.000010 0.169196 0.000010
0.845510 0.000010 0.154450 0.000010 0.000010 0.000010
0.767903 0.000010 0.019664 0.000010 0.111792 0.100621
0.876122 0.021889 0.000010 0.000010 0.101959 0.000010
0.840843 0.048610 0.000010 0.000010 0.110518 0.000010
0.933701 0.000010 0.000010 0.000010 0.000010 0.066259
0.247585 0.009149 0.020652 0.000010 0.482049 0.240555
0.000010 0.000010 0.518381 0.367368 0.114221 0.000010
0.007953 0.000010 0.450370 0.000010 0.541647 0.000010
0.010677 0.114755 0.000010 0.000010 0.874539 0.000010
0.076861 0.257288 0.344530 0.000010 0.153611 0.167699
0.000010 0.000010 0.999950 0.000010 0.000010 0.000010
0.295370 0.207196 0.000010 0.000010 0.432628 0.064786
0.148555 0.147292 0.340719 0.000010 0.363413 0.000010
0.027134 0.124632 0.324521 0.000010 0.523693 0.000010
0.020091 0.457929 0.150931 0.371028 0.000010 0.000010
0.062647 0.389069 0.263930 0.000951 0.186884 0.096518
0.000010 0.075812 0.290985 0.000010 0.600345 0.032838
0.068117 0.091203 0.000010 0.000010 0.793279 0.047381
0.850223 0.000010 0.000010 0.000010 0.053153 0.096594
0.000010 0.029793 0.518588 0.000010 0.316646 0.134953
0.511936 0.131270 0.000010 0.356764 0.000010 0.000010
0.633937 0.000010 0.238676 0.000010 0.000010 0.127357
0.000010 0.113835 0.886125 0.000010 0.000010 0.000010
0.194687 0.116514 0.544459 0.000010 0.000010 0.144320
0.105109 0.311748 0.215190 0.000010 0.367932 0.000010
0.565201 0.000010 0.078620 0.356148 0.000010 0.000010
0.000010 0.000010 0.000010 0.999950 0.000010 0.000010
0.118269 0.115422 0.284031 0.000010 0.299956 0.182313
0.000010 0.328573 0.643312 0.000010 0.000010 0.028086
0.086660 0.001346 0.858822 0.000010 0.000010 0.053152
0.000010 0.000010 0.928590 0.000010 0.000010 0.071370
0.096010 0.062510 0.454225 0.004506 0.192950 0.189799
0.048524 0.319891 0.244864 0.380864 0.005847 0.000010
0.035783 0.310282 0.000010 0.000010 0.598778 0.055137
0.448306 0.000010 0.415768 0.000010 0.000010 0.135896
0.330173 0.081455 0.344657 0.000010 0.000010 0.243694
0.158588 0.116157 0.316387 0.408848 0.000010 0.000010
0.847367 0.066360 0.000010 0.000010 0.086244 0.000010
0.128379 0.000010 0.449183 0.000010 0.344879 0.077539
0.928894 0.000010 0.000010 0.000010 0.071066 0.000010
0.895204 0.000010 0.000010 0.000010 0.047245 0.057521
0.579174 0.000010 0.345741 0.000010 0.000010 0.075055
0.099831 0.325670 0.574469 0.000010 0.000010 0.000010
0.000010 0.645506 0.354454 0.000010 0.000010 0.000010
0.140179 0.289696 0.000010 0.423947 0.146158 0.000010
0.000010 0.623962 0.342104 0.000010 0.000010 0.033903
0.193067 0.128193 0.163257 0.394966 0.000010 0.120507
0.298108 0.260599 0.000010 0.000010 0.278940 0.162333
0.000010 0.325538 0.192120 0.482312 0.000010 0.000010
0.087923 0.498320 0.000010 0.008731 0.405007 0.000010
0.325022 0.033541 0.000010 0.000010 0.318237 0.323180
0.301794 0.331558 0.354305 0.000010 0.012323 0.000010
0.222004 0.393855 0.265650 0.000010 0.118471 0.000010
0.077751 0.436245 0.485973 0.000010 0.000010 0.000010
0.013233 0.292369 0.000010 0.370633 0.323745 0.000010
0.164521 0.328428 0.136869 0.370162 0.000010 0.000010
0.002571 0.498411 0.000010 0.498987 0.000010 0.000010
