0.030880 0.789233 0.000010 0.000010 0.179868
0.018091 0.270839 0.000010 0.515604 0.195455
0.053317 0.447356 0.000010 0.443177 0.056140
0.032077 0.862847 0.000010 0.001230 0.103837
0.014199 0.469899 0.000010 0.449115 0.066777
0.033448 0.033395 0.000010 0.933137 0.000010
0.000010 0.205963 0.414161 0.379855 0.000010
0.029770 0.397441 0.000012 0.000010 0.572768
0.064688 0.689714 0.030904 0.000010 0.214684
0.042240 0.452895 0.000010 0.496097 0.008759
0.016202 0.035478 0.000010 0.948300 0.000010
0.000010 0.418657 0.000010 0.573705 0.007618
0.022058 0.378840 0.000010 0.542461 0.056630
0.000010 0.387077 0.325708 0.287195 0.000010
0.000010 0.259965 0.422339 0.317676 0.000010
0.042400 0.413457 0.000010 0.495306 0.048827
0.000010 0.065580 0.000010 0.830651 0.103748
0.000010 0.414767 0.000010 0.562481 0.022732
0.076855 0.395777 0.000010 0.527349 0.000010
0.015742 0.772706 0.000010 0.038911 0.172631
0.049770 0.918458 0.000010 0.000010 0.031752
0.053341 0.842266 0.000010 0.020927 0.083456
0.050057 0.901604 0.000010 0.000010 0.048319
0.076418 0.395800 0.016652 0.511120 0.000010
0.068856 0.816647 0.000010 0.018972 0.095514
0.000010 0.913152 0.000010 0.015725 0.071103
0.099393 0.412045 0.000010 0.387116 0.101436
0.000010 0.153404 0.427525 0.267621 0.151439
0.000010 0.386027 0.000010 0.520348 0.093605
0.087057 0.857241 0.014991 0.015741 0.024970
0.068353 0.389465 0.000010 0.542162 0.000010
0.016312 0.423983 0.000010 0.536637 0.023058
0.062293 0.923448 0.000010 0.014239 0.000010
0.019015 0.000010 0.000010 0.876667 0.104298
0.029754 0.969252 0.000010 0.000975 0.000010
0.053581 0.421316 0.000010 0.456170 0.068922
0.023215 0.494830 0.000010 0.481934 0.000010
0.000010 0.593615 0.406355 0.000010 0.000010
0.000010 0.677169 0.003343 0.319468 0.000010
0.275578 0.000010 0.330697 0.000010 0.393705
0.018991 0.470079 0.012648 0.470455 0.027827
0.112624 0.000010 0.000010 0.248841 0.638515
0.018913 0.847716 0.004425 0.022370 0.106576
0.000010 0.521993 0.477977 0.000010 0.000010
0.025762 0.000010 0.000010 0.357322 0.616896
0.013097 0.168761 0.000010 0.474162 0.343969
0.148063 0.005439 0.007922 0.418318 0.420258
0.000010 0.187461 0.415744 0.396775 0.000010
0.009484 0.526081 0.000010 0.464415 0.000010
0.000010 0.221830 0.000010 0.282377 0.495773
0.000010 0.134906 0.035729 0.218021 0.611335
0.071504 0.438099 0.006284 0.000010 0.484102
0.000010 0.000010 0.421495 0.230391 0.348094
0.000010 0.588878 0.000010 0.000010 0.411092
0.000010 0.118052 0.477130 0.000010 0.404798
0.089755 0.102024 0.000010 0.014094 0.794117
0.082302 0.188510 0.000010 0.000010 0.729168
0.094337 0.017375 0.000010 0.403869 0.484409
0.000010 0.186662 0.000010 0.305824 0.507493
0.000010 0.000010 0.000010 0.295672 0.704298
0.114167 0.347813 0.010569 0.000010 0.527441
0.000010 0.141905 0.000010 0.327710 0.530364
0.016051 0.343694 0.000010 0.000010 0.640236
0.000010 0.350624 0.008345 0.000010 0.641010
0.134103 0.302773 0.009325 0.000010 0.553788
0.000010 0.000010 0.000010 0.281195 0.718775
0.000010 0.000010 0.000010 0.524717 0.475253
0.000010 0.000010 0.454403 0.000010 0.545567
0.094522 0.000010 0.001892 0.374719 0.528857
0.000010 0.244514 0.000010 0.000010 0.755456
0.002026 0.000010 0.410794 0.203352 0.383818
0.000010 0.000010 0.000010 0.361453 0.638517
0.055348 0.000010 0.000010 0.259659 0.684972
0.000010 0.000010 0.434314 0.000010 0.565656
0.156582 0.154698 0.000010 0.000010 0.688700
0.000010 0.434631 0.018934 0.000010 0.546416
0.045689 0.096383 0.361388 0.000010 0.496531
0.000010 0.217518 0.000010 0.000010 0.782452
0.055391 0.249017 0.000010 0.000010 0.695571
0.000010 0.000010 0.000010 0.210100 0.789870
0.000010 0.446407 0.000010 0.000010 0.553563
0.000010 0.000010 0.000010 0.301713 0.698257
0.055273 0.000010 0.329541 0.367795 0.247381
0.027954 0.596913 0.013494 0.000010 0.361630
0.000010 0.191802 0.409495 0.000010 0.398683
0.000010 0.000010 0.000010 0.503596 0.496374
0.000010 0.060656 0.433136 0.000010 0.506188
0.050858 0.129478 0.418746 0.000010 0.400907
0.007218 0.000010 0.000010 0.275859 0.716903
0.000010 0.442374 0.362038 0.195568 0.000010
0.050629 0.357496 0.418430 0.000010 0.173435
0.000010 0.768073 0.000010 0.013107 0.218799
0.063727 0.429586 0.001399 0.426885 0.078403
0.105776 0.106896 0.000010 0.393067 0.394252
0.008367 0.414683 0.000010 0.534568 0.042372
0.013607 0.599249 0.387124 0.000010 0.000010
0.053732 0.380122 0.000010 0.419294 0.146842
0.053224 0.780819 0.000010 0.020179 0.145768
0.042568 0.288620 0.000010 0.482301 0.186501
0.000010 0.224297 0.374538 0.401145 0.000010
0.114904 0.336469 0.000010 0.495413 0.053204
0.012337 0.533494 0.000010 0.454149 0.000010
0.009676 0.365156 0.000010 0.537501 0.087657
0.150911 0.250834 0.000010 0.000010 0.598235
0.000010 0.000010 0.326412 0.427185 0.246383
0.000010 0.147486 0.438597 0.000010 0.413897
0.021737 0.249774 0.000010 0.000010 0.728468
0.032998 0.000010 0.000010 0.378747 0.588235
0.000010 0.000010 0.000010 0.305053 0.694917
0.026815 0.261435 0.000010 0.000010 0.711730
0.060443 0.190720 0.018753 0.000010 0.730073
0.000010 0.000010 0.007886 0.793541 0.198553
0.000010 0.421147 0.000010 0.000010 0.578823
0.000010 0.064605 0.000010 0.358716 0.576659
0.000010 0.084945 0.000010 0.458946 0.456089
0.045519 0.254276 0.000010 0.000010 0.700184
0.035830 0.253428 0.000010 0.000010 0.710721
0.000010 0.000010 0.395788 0.203080 0.401112
0.045473 0.258829 0.000010 0.000010 0.695679
0.000010 0.000010 0.000010 0.499570 0.500400
0.024060 0.315940 0.005921 0.086426 0.567653
0.014054 0.054541 0.385617 0.000010 0.545778
0.050096 0.424022 0.000010 0.012773 0.513099
0.008174 0.210408 0.000010 0.000010 0.781397
0.000010 0.000010 0.000010 0.234739 0.765231
0.000010 0.246581 0.000010 0.000010 0.753389
0.043591 0.938315 0.011020 0.007064 0.000010
0.122748 0.853564 0.000010 0.005151 0.018527
0.053730 0.347697 0.004388 0.571036 0.023149
0.002188 0.316570 0.000010 0.498286 0.182947
0.055922 0.445265 0.000010 0.445547 0.053256
0.000010 0.580088 0.419882 0.000010 0.000010
0.063794 0.432608 0.000010 0.455267 0.048321
0.074946 0.030738 0.488569 0.277514 0.128233
0.043201 0.000010 0.732165 0.000010 0.224613
0.018300 0.041866 0.023821 0.298284 0.617729
0.080812 0.326428 0.000010 0.016196 0.576554
0.000010 0.000010 0.348110 0.261275 0.390595
0.195408 0.437246 0.009708 0.000010 0.357628
0.158882 0.168348 0.014135 0.000010 0.658625
0.069366 0.125979 0.000010 0.000010 0.804635
0.000010 0.000010 0.360708 0.269276 0.369995
0.000010 0.000010 0.000010 0.345576 0.654394
0.026915 0.188109 0.401737 0.383229 0.000010
0.023553 0.576839 0.399588 0.000010 0.000010
0.000010 0.547292 0.452678 0.000010 0.000010
0.020744 0.291171 0.290514 0.397561 0.000010
0.036106 0.899474 0.000010 0.000010 0.064400
0.016233 0.303005 0.000010 0.000010 0.680742
0.000010 0.660091 0.000010 0.000010 0.339879
0.000010 0.000010 0.000010 0.285609 0.714361
0.034861 0.000010 0.000010 0.216325 0.748794
0.000010 0.159815 0.000010 0.000010 0.840155
0.071611 0.380028 0.000010 0.000010 0.548341
0.000010 0.000010 0.000010 0.214713 0.785257
0.083885 0.357769 0.000010 0.000010 0.558326
0.000010 0.313606 0.000010 0.379648 0.306726
0.110457 0.780164 0.000010 0.000010 0.109360
0.000010 0.823920 0.000010 0.048279 0.127781
0.039277 0.000010 0.000010 0.960693 0.000010
0.000010 0.567392 0.432578 0.000010 0.000010
0.089828 0.888953 0.000010 0.021199 0.000010
0.086170 0.405173 0.000010 0.433390 0.075258
0.017400 0.772664 0.000010 0.013244 0.196682
0.116237 0.596491 0.000010 0.000010 0.287252
0.000010 0.323983 0.017219 0.356509 0.302279
0.005465 0.010638 0.000010 0.983877 0.000010
0.007690 0.456773 0.000010 0.535516 0.000010
0.067300 0.409551 0.000010 0.431274 0.091865
0.000010 0.525308 0.000010 0.474662 0.000010
0.061868 0.000010 0.785289 0.000010 0.152823
0.000010 0.513441 0.009481 0.441891 0.035177
0.000551 0.737611 0.000010 0.003961 0.257868
0.049703 0.041437 0.355075 0.000010 0.553774
0.018504 0.255544 0.000010 0.008206 0.717736
0.043144 0.374108 0.000010 0.478869 0.103869
0.000010 0.559013 0.440957 0.000010 0.000010
0.036124 0.781126 0.000010 0.011627 0.171113
0.000010 0.422514 0.000010 0.577456 0.000010
0.017352 0.039667 0.000010 0.942961 0.000010
0.000010 0.000010 0.000010 0.999960 0.000010
0.032679 0.945189 0.000010 0.000010 0.022112
0.000010 0.000010 0.000010 0.923438 0.076532
0.070711 0.929259 0.000010 0.000010 0.000010
0.000010 0.630094 0.000010 0.322133 0.047752
0.018902 0.000724 0.000010 0.980354 0.000010
0.000010 0.000010 0.000010 0.880553 0.119417
0.067706 0.507078 0.000010 0.425196 0.000010
0.071641 0.857301 0.000010 0.000700 0.070348
0.142423 0.382253 0.004061 0.471252 0.000010
0.038994 0.000010 0.000010 0.577789 0.383197
0.024866 0.507481 0.000010 0.467634 0.000010
0.000017 0.000010 0.827854 0.026170 0.145949
0.000010 0.000010 0.706624 0.293346 0.000010
0.000010 0.195408 0.000010 0.409019 0.395554
0.024007 0.219204 0.000010 0.000010 0.756768
0.000010 0.000010 0.000010 0.866233 0.133737
0.021991 0.556532 0.000010 0.421457 0.000010
0.023056 0.833070 0.000010 0.000010 0.143854
0.000010 0.574230 0.005844 0.419905 0.000010
0.000010 0.000010 0.208557 0.791413 0.000010
0.000010 0.000010 0.214783 0.785187 0.000010
0.076469 0.874521 0.000010 0.012718 0.036283
0.066473 0.438059 0.007004 0.463802 0.024662
0.020194 0.684801 0.000010 0.009054 0.285942
0.076079 0.000010 0.000018 0.923883 0.000010
0.000010 0.000010 0.000010 0.963864 0.036106
0.032621 0.435301 0.000010 0.435409 0.096659
0.043199 0.404267 0.000010 0.454238 0.098286
0.000010 0.031581 0.000010 0.944509 0.023890
0.000010 0.000010 0.289882 0.710088 0.000010
0.000010 0.865718 0.008396 0.033796 0.092080
0.000010 0.000010 0.000010 0.955502 0.044468
0.003448 0.833064 0.000010 0.018960 0.144518
0.000010 0.602846 0.004036 0.341229 0.051878
0.021105 0.837721 0.000010 0.012930 0.128235
0.060690 0.204909 0.014417 0.486189 0.233795
0.000010 0.405102 0.000010 0.397737 0.197140
0.000010 0.058435 0.000010 0.941535 0.000010
0.142216 0.409875 0.447889 0.000010 0.000010
0.026185 0.429520 0.000010 0.411529 0.132757
0.000010 0.426654 0.000010 0.470357 0.102969
0.000010 0.265677 0.439263 0.295040 0.000010
0.201823 0.000010 0.000010 0.400637 0.397520
0.000010 0.054264 0.000010 0.945706 0.000010
0.021599 0.216008 0.007548 0.387843 0.367002
0.067624 0.578958 0.000010 0.000010 0.353398
0.000010 0.288278 0.000010 0.438396 0.273306
0.000010 0.187170 0.431087 0.381722 0.000010
0.050719 0.362134 0.031076 0.490752 0.065319
0.195286 0.556635 0.023006 0.000010 0.225063
0.020656 0.412895 0.000010 0.498653 0.067787
0.221129 0.435448 0.008077 0.000010 0.335336
0.214153 0.369327 0.377386 0.000010 0.039124
0.221125 0.029352 0.369727 0.360646 0.019150
0.145976 0.300537 0.486744 0.029054 0.037690
0.007670 0.121515 0.380222 0.414417 0.076175
0.120969 0.411272 0.003722 0.408540 0.055497
0.045595 0.372432 0.000010 0.363969 0.217994
0.177843 0.000010 0.459129 0.288915 0.074102
0.101186 0.346444 0.000010 0.460280 0.092080
0.003924 0.053797 0.465273 0.357667 0.119339
0.087318 0.000010 0.912652 0.000010 0.000010
0.216744 0.638323 0.000010 0.013170 0.131754
0.000010 0.863684 0.000010 0.036013 0.100284
0.046110 0.784075 0.000010 0.012473 0.157332
0.007996 0.650045 0.000010 0.015928 0.326020
0.400857 0.415665 0.000010 0.000010 0.183458
0.000010 0.000010 0.446624 0.350878 0.202478
0.156607 0.195342 0.014881 0.476206 0.156963
0.051463 0.000010 0.000010 0.789409 0.159109
0.013364 0.454037 0.000010 0.467528 0.065061
0.132573 0.338688 0.000010 0.010477 0.518252
0.098299 0.192076 0.015343 0.399172 0.295110
0.000010 0.331761 0.375053 0.000010 0.293166
0.085720 0.049999 0.349069 0.414130 0.101082
0.064767 0.407337 0.503847 0.000010 0.024039
0.150665 0.000010 0.359071 0.334791 0.155463
0.035023 0.703725 0.078137 0.037766 0.145349
0.239991 0.420081 0.064154 0.070527 0.205247
0.214527 0.073140 0.089788 0.276650 0.345895
0.117464 0.404330 0.309629 0.000010 0.168567
0.431114 0.000010 0.000301 0.389810 0.178765
0.011901 0.697047 0.000010 0.000010 0.291031
0.110748 0.499890 0.000010 0.000010 0.389343
0.263423 0.574050 0.013485 0.000010 0.149032
0.130019 0.654029 0.024162 0.010379 0.181411
0.034036 0.200221 0.045008 0.654522 0.066213
0.089191 0.119085 0.009793 0.378556 0.403374
0.329039 0.017591 0.009416 0.481664 0.162290
0.571762 0.001509 0.426709 0.000010 0.000010
0.860709 0.117769 0.000010 0.000010 0.021502
0.135019 0.694821 0.021218 0.086608 0.062335
0.062718 0.631414 0.000010 0.000010 0.305848
0.733340 0.161503 0.000010 0.000010 0.105137
0.391420 0.162535 0.062223 0.243730 0.140092
0.406913 0.288671 0.009258 0.278792 0.016366
0.552872 0.163083 0.071925 0.117786 0.094335
0.768673 0.081606 0.049252 0.004802 0.095666
0.693498 0.199169 0.001659 0.032844 0.072830
0.845291 0.148119 0.006570 0.000010 0.000010
0.508195 0.050006 0.079198 0.269078 0.093522
0.470620 0.105527 0.062826 0.261562 0.099465
0.488745 0.215965 0.005240 0.159730 0.130320
0.404193 0.150287 0.029539 0.306219 0.109762
0.481313 0.239071 0.021911 0.007927 0.249779
0.877878 0.000010 0.000010 0.122092 0.000010
0.677838 0.000010 0.322132 0.000010 0.000010
0.692972 0.176077 0.035391 0.067070 0.028490
0.281236 0.000010 0.014972 0.626919 0.076864
0.266189 0.006586 0.326551 0.290461 0.110213
0.262359 0.400391 0.036767 0.300472 0.000010
0.850943 0.000010 0.010269 0.138768 0.000010
0.820797 0.000010 0.179173 0.000010 0.000010
0.894869 0.105101 0.000010 0.000010 0.000010
0.574276 0.000010 0.112575 0.310731 0.002408
0.417010 0.000010 0.263722 0.319248 0.000010
0.619579 0.314347 0.000010 0.000010 0.066054
0.303717 0.060291 0.000010 0.540162 0.095820
0.560672 0.255540 0.036153 0.064535 0.083100
0.156560 0.377392 0.461124 0.000010 0.004913
0.051520 0.402731 0.035948 0.425826 0.083974
0.355917 0.229031 0.336325 0.000010 0.078717
0.478849 0.289040 0.147982 0.052431 0.031697
0.000010 0.092536 0.000010 0.907434 0.000010
0.238129 0.201744 0.178846 0.324893 0.056388
0.143996 0.515436 0.004105 0.081564 0.254899
0.029153 0.007009 0.463075 0.415504 0.085258
0.112910 0.393360 0.042110 0.268642 0.182979
0.070105 0.364384 0.036775 0.475978 0.052758
0.000010 0.616615 0.028635 0.093724 0.261016
0.655308 0.000010 0.245494 0.099178 0.000010
0.507556 0.000010 0.000010 0.417357 0.075067
0.199052 0.198866 0.039436 0.390824 0.171822
0.043722 0.419859 0.000010 0.536399 0.000010
0.385591 0.222993 0.391396 0.000010 0.000010
0.129043 0.594767 0.060310 0.130690 0.085189
0.135610 0.461705 0.018353 0.148137 0.236193
0.407731 0.000010 0.305861 0.281025 0.005374
0.107407 0.306348 0.002915 0.418536 0.164794
0.000010 0.000010 0.419354 0.528529 0.052097
0.230932 0.329081 0.015978 0.157425 0.266584
0.049557 0.501981 0.300482 0.002944 0.145036
0.109063 0.283578 0.000010 0.406145 0.201205
0.033420 0.386165 0.395735 0.135422 0.049258
0.232788 0.075341 0.603546 0.000010 0.088314
0.858356 0.141614 0.000010 0.000010 0.000010
0.114888 0.293992 0.506740 0.000010 0.084370
0.195356 0.672599 0.043574 0.047237 0.041234
0.109182 0.823831 0.000010 0.018947 0.048030
0.000010 0.522611 0.470909 0.000010 0.006460
0.000010 0.000010 0.016077 0.947487 0.036416
0.000010 0.000010 0.332461 0.600608 0.066911
0.443825 0.227497 0.011939 0.316730 0.000010
0.210649 0.399861 0.000010 0.006646 0.382834
0.310171 0.058383 0.000010 0.459471 0.171965
0.359911 0.138369 0.000010 0.370782 0.130927
0.191015 0.075073 0.379972 0.353931 0.000010
0.481374 0.348096 0.027669 0.014515 0.128346
0.408037 0.432916 0.022274 0.001109 0.135663
0.079450 0.212903 0.000010 0.509923 0.197714
0.130367 0.608874 0.000010 0.028923 0.231825
0.200906 0.219880 0.048688 0.324863 0.205663
0.203799 0.239290 0.000010 0.389566 0.167334
0.131955 0.460124 0.000010 0.261145 0.146766
0.072644 0.152058 0.007808 0.559353 0.208138
0.288195 0.272681 0.000010 0.239941 0.199174
0.739922 0.000010 0.012851 0.242458 0.004759
0.572351 0.023941 0.007861 0.386545 0.009302
0.435602 0.000010 0.000010 0.513709 0.050670
0.703023 0.000010 0.007489 0.289468 0.000010
0.616326 0.288199 0.017216 0.004411 0.073848
0.565618 0.054438 0.379924 0.000010 0.000010
0.517393 0.026095 0.007099 0.356157 0.093257
0.546932 0.198442 0.000010 0.000010 0.254606
0.250042 0.331518 0.000010 0.321075 0.097356
0.614054 0.000010 0.349792 0.000010 0.036134
0.203289 0.269479 0.009601 0.000010 0.517621
0.051757 0.110799 0.000010 0.452441 0.384992
0.029762 0.000010 0.000010 0.721853 0.248365
0.176935 0.406517 0.376898 0.000010 0.039640
0.375533 0.320182 0.000010 0.016429 0.287846
0.287806 0.697372 0.000010 0.003967 0.010845
0.085054 0.526360 0.004485 0.000010 0.384091
0.230871 0.000010 0.000010 0.404779 0.364330
0.035095 0.501433 0.000010 0.227358 0.236104
0.035277 0.441223 0.007724 0.413944 0.101832
0.009909 0.395567 0.000010 0.432350 0.162164
0.183153 0.401645 0.037134 0.000010 0.378058
0.057127 0.569994 0.000010 0.000010 0.372859
0.223402 0.000010 0.389038 0.245415 0.142135
0.170886 0.041790 0.000010 0.374928 0.412386
0.117091 0.660878 0.000010 0.000010 0.222011
0.055324 0.066434 0.000010 0.878222 0.000010
0.053674 0.264528 0.000010 0.427044 0.254743
0.514150 0.369167 0.000010 0.000010 0.116663
0.110975 0.869561 0.000010 0.000010 0.019444
0.479151 0.000010 0.000010 0.240113 0.280716
0.147833 0.554209 0.000441 0.000010 0.297507
0.209540 0.450986 0.000010 0.045896 0.293568
0.000010 0.036829 0.000010 0.918253 0.044898
0.144641 0.573098 0.016904 0.000010 0.265347
0.065243 0.000010 0.401737 0.297368 0.235642
0.222600 0.378455 0.000010 0.014955 0.383980
0.270698 0.115244 0.155849 0.410576 0.047634
0.072596 0.000010 0.864235 0.052600 0.010558
0.085335 0.104204 0.000010 0.468182 0.342269
0.306395 0.196201 0.000073 0.380995 0.116337
0.577694 0.000010 0.000010 0.286690 0.135597
0.000010 0.000010 0.003932 0.743913 0.252135
0.110493 0.000010 0.323093 0.225067 0.341336
0.479464 0.220975 0.000010 0.050094 0.249457
0.999960 0.000010 0.000010 0.000010 0.000010
0.880858 0.119112 0.000010 0.000010 0.000010
0.728284 0.249620 0.000010 0.000010 0.022076
0.285154 0.257807 0.392181 0.000010 0.064848
0.469502 0.488240 0.024583 0.000010 0.017665
0.706478 0.256147 0.000010 0.000010 0.037355
0.307978 0.338431 0.000010 0.000010 0.353571
0.054993 0.413849 0.396809 0.000010 0.134338
0.688340 0.000010 0.311630 0.000010 0.000010
0.256673 0.072145 0.000010 0.411795 0.259377
0.483726 0.024867 0.491387 0.000010 0.000010
0.394832 0.159883 0.377000 0.000010 0.068275
0.792247 0.172468 0.000010 0.000010 0.035265
0.062419 0.841846 0.022289 0.026279 0.047166
0.491025 0.495814 0.000010 0.013141 0.000010
0.605202 0.000010 0.000010 0.394768 0.000010
0.435440 0.000010 0.564530 0.000010 0.000010
0.363960 0.410543 0.000010 0.000010 0.225477
0.818620 0.164461 0.000010 0.000010 0.016898
0.759927 0.000010 0.000010 0.240043 0.000010
0.884595 0.115375 0.000010 0.000010 0.000010
0.207454 0.155669 0.007578 0.549237 0.080061
0.203517 0.000010 0.781746 0.014716 0.000010
0.812347 0.000010 0.000010 0.187623 0.000010
0.000010 0.101685 0.458233 0.440063 0.000010
0.004664 0.386968 0.005108 0.442344 0.160916
0.083792 0.283810 0.000010 0.473031 0.159356
0.664992 0.258588 0.000010 0.000010 0.076400
0.506603 0.346321 0.000010 0.023298 0.123769
0.714374 0.160296 0.000010 0.000010 0.125309
0.034493 0.287837 0.002595 0.319324 0.355751
0.195664 0.568301 0.000010 0.141111 0.094914
0.815395 0.000010 0.000010 0.184575 0.000010
0.802318 0.000010 0.000010 0.197652 0.000010
0.572870 0.427100 0.000010 0.000010 0.000010
0.000010 0.810793 0.000010 0.000010 0.189177
0.496628 0.091737 0.000010 0.365762 0.045863
0.122320 0.279768 0.000010 0.449129 0.148773
0.577920 0.154361 0.000010 0.000010 0.267699
0.053890 0.000010 0.352674 0.498407 0.095019
0.006894 0.000010 0.000010 0.878647 0.114439
0.734807 0.201144 0.000010 0.000010 0.064029
0.068458 0.879850 0.000010 0.000010 0.051672
0.351522 0.637341 0.011117 0.000010 0.000010
0.114265 0.842554 0.000010 0.001425 0.041746
0.335381 0.444872 0.000010 0.000010 0.219727
0.086199 0.027273 0.449388 0.402998 0.034143
0.002527 0.572313 0.365718 0.000010 0.059432
0.110322 0.221975 0.000954 0.453877 0.212871
0.000010 0.562978 0.436992 0.000010 0.000010
0.003614 0.270717 0.387952 0.337707 0.000010
0.000010 0.251374 0.435549 0.000010 0.313057
0.000010 0.000010 0.000010 0.959060 0.040910
0.001571 0.350135 0.000010 0.437419 0.210865
0.000010 0.394948 0.000010 0.524547 0.080485
0.000010 0.576920 0.000010 0.423050 0.000010
0.042305 0.785928 0.000010 0.000010 0.171747
0.066313 0.488201 0.000010 0.445466 0.000010
0.039801 0.920867 0.000010 0.000010 0.039312
0.000010 0.000010 0.343011 0.479644 0.177325
0.000010 0.323590 0.004729 0.482722 0.188949
0.000010 0.462833 0.000010 0.531075 0.006072
0.000010 0.000010 0.357832 0.642138 0.000010
0.818287 0.000010 0.000010 0.181683 0.000010
0.529489 0.000010 0.000010 0.360223 0.110269
0.063168 0.276330 0.000010 0.393754 0.266738
0.217750 0.000010 0.000010 0.394967 0.387263
0.040223 0.509520 0.000010 0.450237 0.000010
0.005652 0.000010 0.000010 0.784229 0.210099
0.047955 0.905190 0.000010 0.000010 0.046834
0.035424 0.378589 0.018576 0.534923 0.032487
0.012684 0.466744 0.000010 0.435019 0.085543
0.000010 0.876884 0.000010 0.000010 0.123086
0.000010 0.329867 0.394104 0.276008 0.000010
0.024842 0.168135 0.405382 0.365045 0.036595
0.000010 0.004050 0.000010 0.955119 0.040811
0.080825 0.482864 0.436291 0.000010 0.000010
0.037331 0.312925 0.000010 0.433835 0.215898
0.001911 0.000010 0.000010 0.998059 0.000010
0.139338 0.719056 0.024607 0.000010 0.116988
0.020994 0.354397 0.000010 0.478120 0.146480
0.062866 0.380404 0.000010 0.420042 0.136678
0.000010 0.000010 0.343991 0.538971 0.117018
0.000010 0.376621 0.000010 0.390283 0.233076
0.027385 0.000010 0.428924 0.225605 0.318076
0.123325 0.876645 0.000010 0.000010 0.000010
0.050283 0.309542 0.000010 0.585946 0.054219
0.021277 0.416475 0.000010 0.515319 0.046919
0.000010 0.435992 0.000010 0.365606 0.198383
0.386474 0.114399 0.499107 0.000010 0.000010
0.758436 0.191178 0.000010 0.000010 0.050366
0.854536 0.000010 0.000010 0.145434 0.000010
0.799634 0.200336 0.000010 0.000010 0.000010
0.900799 0.099171 0.000010 0.000010 0.000010
0.860419 0.127990 0.000010 0.000010 0.011571
0.978214 0.005604 0.000010 0.000010 0.016162
0.262476 0.570162 0.000010 0.008448 0.158904
0.000010 0.142273 0.356324 0.501383 0.000010
0.002324 0.533352 0.000010 0.464304 0.000010
0.043892 0.914243 0.000010 0.000010 0.041845
0.105048 0.167914 0.000010 0.401809 0.325219
0.000010 0.000010 0.000010 0.999960 0.000010
0.311004 0.465495 0.000010 0.000010 0.223481
0.178196 0.337754 0.000010 0.412218 0.071822
0.058943 0.473384 0.000010 0.437766 0.029898
0.066416 0.000010 0.431323 0.221856 0.280395
0.093438 0.174211 0.000246 0.349316 0.382789
0.000010 0.608258 0.000010 0.325307 0.066414
0.091146 0.828243 0.000010 0.000010 0.080591
0.867712 0.104695 0.000016 0.000010 0.027567
0.000010 0.351105 0.000010 0.532236 0.116640
0.538681 0.000010 0.392499 0.000010 0.068800
0.667147 0.000010 0.000010 0.273462 0.059371
0.022324 0.000010 0.000010 0.957098 0.020558
0.213093 0.000010 0.000010 0.596631 0.190256
0.153025 0.324366 0.000010 0.328784 0.193815
0.574643 0.000010 0.351404 0.073933 0.000010
0.000010 0.000010 0.999960 0.000010 0.000010
0.132569 0.329461 0.000010 0.320106 0.217854
0.020027 0.000010 0.000010 0.692727 0.287226
0.082005 0.000010 0.000010 0.880156 0.037819
0.000010 0.003508 0.000010 0.958476 0.037996
0.109431 0.239739 0.006176 0.482780 0.161874
0.083017 0.000010 0.440096 0.308194 0.168683
0.072936 0.631645 0.000018 0.000010 0.295391
0.462480 0.000010 0.000010 0.451704 0.085796
0.343161 0.025764 0.000010 0.375347 0.255717
0.184277 0.000010 0.429463 0.356719 0.029531
0.860865 0.109010 0.000010 0.000010 0.030106
0.134807 0.380109 0.000010 0.455216 0.029858
0.931271 0.068699 0.000010 0.000010 0.000010
0.917715 0.081796 0.000010 0.000010 0.000470
0.602479 0.000010 0.000010 0.381140 0.016361
0.158500 0.000010 0.000010 0.679892 0.161588
0.054249 0.000010 0.000010 0.563857 0.381874
0.167369 0.150959 0.432975 0.000010 0.248687
0.046137 0.000010 0.000010 0.425154 0.528690
0.211095 0.000010 0.397278 0.200183 0.191434
0.330060 0.340150 0.000010 0.000010 0.329770
0.028082 0.000010 0.485182 0.249380 0.237346
0.162554 0.429695 0.013994 0.000010 0.393746
0.340580 0.396807 0.000010 0.000010 0.262594
0.330819 0.000010 0.000010 0.421015 0.248146
0.262907 0.071464 0.000010 0.388921 0.276697
0.133942 0.000010 0.000010 0.579415 0.286623
0.043364 0.332257 0.389841 0.000010 0.234528
0.197639 0.000010 0.389651 0.191844 0.220855
0.062897 0.025945 0.533845 0.000010 0.377302
